304015
705610
763581
428389
194682
918698
689765
183531
184259
703079
583942
78303
944729
540660
857395
254697
837811
642581
359344
129037
546830
374952
609818
862556
293714
824697
691554
13745
485461
389396
412757
473881
891399
543522
973391
220275
883925
716308
66729
770754
242629
894523
616250
927657
558976
507287
612850
127765
71063
150979
426244
346266
186499
637739
183859
380300
203473
136851
576190
391233
105791
375197
747848
782674
126804
106263
745666
487367
870184
563109
156124
122333
54503
214091
299314
234876
24116
482130
551248
295921
51745
952223
442840
537212
548909
576359
277065
992248
877403
8653
311999
234787
78540
272781
96785
452388
709075
838261
459736
199095
867637
35955
540483
443762
99016
775752
64924
136044
319336
589595
903145
817743
251158
320286
544144
257891
681211
888561
884520
927979
192677
646823
623453
604286
917963
270305
745238
900910
204217
779920
927954
299515
134198
662763
140182
915172
234100
147077
477421
770597
417657
484925
146355
882594
935587
215459
730110
14602
75627
629350
250859
201700
342421
296650
449852
159321
656614
401907
859605
35992
147068
761315
843986
32953
112153
809407
716646
298550
360628
378237
292840
574038
623245
624998
830154
974266
386429
146054
638435
367962
700752
869493
975078
178017
400840
467654
125477
682233
516498
157390
958397
942586
37524
989992
336821
154177
48705
283992
829491
469367
611987
283122
862299
877792
196747
356939
95093
363193
443139
875189
207516
214591
417596
440134
641768
474750
983702
700590
745166
989933
83159
974769
401942
798697
235519
520253
389955
685766
536930
845071
43200
680646
595698
342826
872826
503520
760913
583304
545907
686381
442792
198803
884110
720215
330072
732549
656803
889825
851091
920657
278182
781637
755923
410618
718073
436458
963289
126688
616150
644933
235598
785313
975696
804073
313908
68032
209128
329771
88848
73332
860368
721434
854077
999406
959779
861158
207356
439617
831356
45573
935795
680991
754706
70184
298358
201411
7415
746813
239401
628489
344067
908514
715880
745524
428940
286593
320620
591183
386216
262181
576517
705162
910669
696673
34615
892293
177334
52751
804792
827052
629645
88034
383300
774789
11697
669099
90918
694753
632818
46095
261194
673737
358043
711384
318767
988852
929332
607943
467605
269586
932174
324217
226222
17099
855711
391010
863807
314402
553591
795027
114170
318555
355613
894621
157186
773840
921718
677079
345126
27735
691359
914422
509645
377153
43752
95742
310349
41345
500198
833783
82595
553229
597404
108976
21473
94800
601140
852810
469691
125075
217760
676070
634385
238436
989335
740065
693409
146573
204908
361854
44358
165442
69541
557207
113595
359309
692667
126836
850149
112582
638924
211151
761004
507525
528800
789816
472222
637032
330468
528088
423203
480865
80735
147839
211318
508560
567786
264250
166169
584790
22229
13415
733708
50220
751156
45103
882876
298692
329642
200588
421110
709440
202826
601294
977195
26902
855011
854998
381920
313279
140842
179760
372744
83181
697333
478851
538334
376900
241523
871713
435122
90199
242563
982269
50275
991815
123564
309736
307360
643560
677937
436524
664437
190488
75298
966140
632827
29103
209427
248419
693014
202785
556157
960901
411946
14120
761726
725443
289272
280146
71465
965724
253914
801869
334744
915629
932523
819941
805786
816000
135836
287692
870187
769864
346106
537921
645702
959105
298801
993795
328341
7760
884494
38525
246030
555303
405504
353231
132308
77132
964815
811969
602118
961348
657612
30583
556151
501103
809044
465620
331553
734935
777738
72900
508375
41774
705715
853277
955954
752085
256595
46762
88652
778223
56500
258488
647068
51947
68070
846961
527897
206648
95029
611183
648695
591746
695720
781758
217459
688455
190726
649339
556722
893489
198942
193321
744634
495300
297055
701736
313019
412673
936852
858535
450848
12353
832484
698269
31102
247948
21399
181571
545441
832796
135282
512667
566569
461434
778700
591793
999175
756830
544967
133456
682320
254755
216562
137658
120163
901584
300249
210443
509673
951628
535546
950109
229102
738243
988895
608498
757054
443347
729440
695467
909330
839750
83138
860616
281137
106735
433471
658366
469578
41422
729399
793139
825675
31669
715653
282818
64732
436704
641032
627213
834322
310654
539297
975567
32325
571649
51223
713464
137097
240676
971982
995488
933355
343022
127581
212814
219015
578347
750290
959030
160817
208166
5957
526596
402648
345249
366389
456072
708319
679317
751028
331632
898258
755831
488434
967658
715324
612474
539201
616903
643403
514359
911628
317939
444727
456969
464788
598961
43158
179305
424388
546732
160101
765434
561637
555246
774927
534104
96930
753519
980659
624433
848241
585931
33840
420233
117491
340370
769024
77992
338390
893582
48403
473764
770166
760630
381441
809230
889519
780531
777886
819614
143232
967780
441228
648574
128187
228028
414072
117527
626783
932208
36182
377461
996592
455851
709451
588936
218190
493319
658230
837028
62316
637498
142197
686227
701436
420265
196194
138658
776353
154766
282699
456947
154470
827608
266587
584133
370574
2447
968218
606345
692911
597178
744505
43678
165953
543106
805505
870790
754707
254990
614855
667394
25427
437999
237889
592706
824338
893658
419399
831537
824359
4207
915147
999831
711529
672799
159049
366608
975783
565535
59038
113406
110290
811201
868512
799862
824916
858411
678153
847835
272848
316533
76586
572402
780519
592247
682473
225524
180111
621608
121873
335664
79363
120172
859326
29472
226970
411878
81778
604465
603173
886633
953958
234324
511675
344067
280417
916420
747133
722643
644429
380301
218303
922513
769832
773241
93460
611571
993548
607577
36657
662622
777987
258555
275774
137377
608624
778688
494463
975265
732467
999697
511419
115240
868580
719067
662125
981128
308150
90003
637564
524220
961477
342224
987552
148389
394243
30607
454162
833633
300755
640793
694033
81645
472114
277069
328522
627268
744443
631083
4574
196609
92152
265667
331556
179142
941747
216141
456855
572609
594382
263345
962196
596316
243602
196076
430483
446509
311385
812651
674118
744221
51988
997588
675251
315068
324554
279368
422149
593801
234431
486883
666505
889990
706160
193387
984962
158263
583825
880429
834194
576084
138951
517597
872814
577373
601331
998785
409761
915866
382236
106726
569367
423424
384418
195491
971381
835488
423099
740400
948724
599915
637972
511459
717209
734762
894773
340928
147844
131952
400569
391348
104401
592323
294931
418235
660539
187824
840256
458272
63518
354817
678423
995330
242692
380827
76233
778603
162967
88195
485694
331524
482963
400843
614596
491295
347832
548040
719566
861034
145791
927500
572806
821484
53646
27872
451801
89955
215247
583234
118275
989417
144945
967208
561007
720982
577166
541158
168783
90200
615490
526396
717769
945932
594289
519445
242537
749706
652604
740666
449189
358510
805528
460280
751819
100554
598184
107747
541347
692866
781422
334080
591464
644163
914950
520793
927886
54895
292890
308776
366209
584554
310887
869685
687546
117935
64049
387007
807195
532074
549519
342502
982993
769144
248140
187797
342156
741585
920217
882519
782654
370871
95302
700608
374333
237475
558070
156014
768599
788189
828861
992101
124632
550561
657138
373303
927332
59865
891323
989449
72542
18732
222145
385674
830537
782558
50308
852045
486400
960293
420127
297522
813970
180757
581192
715478
275007
523495
80820
266126
787966
438582
697375
482141
719204
101924
759981
259794
680243
34008
410437
120097
366663
272957
294005
998494
630133
527305
971712
969559
603373
392568
828621
573863
593403
693358
479568
681381
762908
396833
686416
103087
841704
352498
624216
363294
93465
193142
517796
819094
940583
226696
176424
735834
394851
25940
652998
447263
209065
60907
406858
316084
883842
175060
631861
883480
278482
309385
870337
965206
846869
763433
942021
691597
495394
517838
202983
174849
667342
421332
233803
120988
867656
236806
226308
709774
421518
398972
829392
320160
106455
956905
94586
565555
877942
363874
635967
751294
654549
855346
840833
683593
186014
791032
805864
863075
836154
212303
860982
378557
74613
828491
96736
665357
250147
67127
114388
747914
880247
442178
304207
561058
79661
325986
237949
896200
438585
826903
728965
804043
525985
481231
917607
536483
842289
170142
177062
505534
194426
798095
575341
661943
743919
13791
731263
23086
363066
854809
513776
112182
751103
771913
191263
333832
537940
997941
453368
947177
677561
962717
974552
876888
117985
685386
774946
492760
910570
868784
787799
105601
360610
962262
5362
134586
416117
840761
877096
442749
474795
794929
775454
845194
256131
271609
781848
821841
744908
302733
151205
500293
895313
2472
851439
716502
769652
303116
185721
973913
751499
484677
720058
852209
378382
11856
912760
447332
621783
585910
427742
985259
451004
507140
337147
2121
161525
760620
458926
124406
119597
236323
397926
940685
193595
704247
427832
132118
483071
617049
686060
688823
742607
575276
79982
284570
606785
989367
43969
131904
614065
316140
897498
399734
301605
590786
134663
583277
950404
607793
700628
240012
503808
33738
209978
489396
283765
995733
883199
286756
437051
246648
803681
493054
478100
747510
143508
664834
679335
184750
609349
770865
602174
511753
830113
213905
498171
773690
373203
609616
578706
938576
267238
103862
814374
741327
419574
538422
315132
912251
376931
817828
430564
361837
290503
28356
475611
184934
412659
600185
983667
426386
784408
716441
961898
936758
798023
354883
750602
373297
710785
536510
57441
133406
615309
138028
914126
978394
749751
261872
518421
431155
708456
474259
545748
820348
420080
401221
809703
416962
256814
70537
652914
529157
998882
647300
327735
295895
692841
406314
961786
525755
49765
662521
671364
891454
631746
694347
760256
341391
933011
69797
515669
902578
309523
989190
705998
179969
973445
909546
80770
633539
624276
803910
742415
19525
504816
501114
180606
976181
315286
66601
542330
196765
162105
7154
802977
296316
954189
402767
690697
423746
916653
799871
839899
565103
455797
345794
31659
673431
959379
184535
959634
428781
488119
691553
611140
898191
628863
546704
223662
866460
45697
497315
699220
874656
217316
834562
992181
302276
313006
336316
120885
530120
835875
734371
967793
92104
64001
40079
366896
910532
183535
513841
286042
942080
430526
244905
787295
780064
116067
332951
968054
56573
18883
390190
994361
943432
755405
933745
940865
63189
799264
247470
871553
337044
85234
502489
182849
139869
929809
224370
829091
8314
914831
326027
933308
934495
249985
455252
825673
370068
133483
429799
699099
375285
233293
161760
464632
311228
772029
711171
766245
684553
153118
472593
327972
130900
966105
59261
884014
453868
537752
888714
877354
626552
691281
472687
474944
814318
537728
372241
903544
753059
896033
240181
575855
614722
705021
799266
755838
744146
544177
689672
28191
63634
123335
361484
844499
376735
947069
961065
364976
60109
966542
665799
600106
558663
48595
355139
508110
640221
535183
10809
270462
7439
530152
807077
44001
744319
364349
384060
632297
857136
322373
88931
172703
427408
693783
570758
74132
391162
639418
674532
236525
518903
458897
854726
828687
765716
940766
11265
239826
450641
201539
885100
375998
524721
808909
618653
989264
269532
456478
964362
729221
590710
948245
68007
45628
341145
550751
362608
134153
773625
906029
461591
640795
251934
591280
148816
334959
938091
370208
750555
694265
573575
315226
213026
446879
903314
466546
146405
638460
536606
866921
648638
106453
540984
349862
961106
333681
411353
170523
642970
96913
662813
703470
133915
186077
871164
740107
778332
565389
745971
764486
263695
981115
628655
777531
420073
239758
770740
985867
464881
647446
142340
664395
381633
587323
105391
117138
824087
747547
279927
237959
947870
948563
370918
489656
793705
849860
463965
751622
969561
652959
740050
329726
531792
777412
543164
899353
246990
964786
69273
534764
449815
164736
546322
128682
980074
278901
879829
858327
832186
125614
980292
281042
440933
578543
333944
183691
107706
129920
358923
770785
386737
363339
377621
340328
777934
847944
330103
508244
484091
423147
638893
165497
58174
895328
110310
528171
874746
378418
743143
808228
52314
467447
637143
835585
541696
857528
645230
896099
937828
370356
686412
777857
362922
948097
684213
390492
886715
886431
294053
280410
515444
544901
551859
919228
885627
491778
504466
775092
270202
328943
539502
274687
304918
539293
768322
61839
902011
544613
318492
460103
473634
734539
87221
358830
553085
965087
191908
241096
152618
374533
948615
458163
358037
216005
887340
643627
978928
663301
46724
392466
288263
450136
983599
376789
137622
824763
978535
320265
317275
350428
366315
325042
906452
50205
809347
212756
121345
919778
885936
626968
173775
949599
547552
555010
74179
664832
38472
798043
6600
992044
167583
748768
925553
556608
173765
414235
263465
972930
232893
905077
325094
923433
639136
639109
369866
800321
541052
487127
332512
70297
2979
55996
903063
853605
19545
189466
458405
532537
449453
609759
936896
152754
213688
521321
800809
723151
329117
706327
348213
61364
559588
339675
607178
413617
681799
85491
50077
753228
621124
472427
359007
854319
185579
38800
331100
566064
904663
959165
567563
824787
732455
647077
762550
679983
78658
216430
252282
365669
661819
582939
132024
324800
76356
878807
964664
575604
465091
41344
475739
514971
835747
747512
860643
527815
35615
319947
394766
26380
559779
836314
757866
834708
549516
613789
925047
713177
787280
964537
928005
731569
977930
761384
675211
165672
946284
638157
690917
601008
676396
124778
744581
489822
216784
494238
533170
498293
489019
10120
814819
675181
376099
844608
464531
87201
774163
992862
559986
488889
336908
197084
298478
582628
240359
41290
261766
33773
525138
421530
116798
569673
1215
538544
932567
69216
941852
77570
806908
720971
750452
157296
437699
859924
183119
310537
337356
287983
289788
788699
847600
342369
829846
738339
770543
345437
826816
281746
782290
356158
551946
471327
648384
948990
599340
738795
768026
650230
6871
696677
264048
826118
699683
419206
833159
573187
755221
133252
302002
903059
365111
434182
472368
100196
302003
893228
341388
518803
532931
573585
869561
567356
836803
849599
939624
493292
252663
253196
568790
210430
677275
338406
348192
841117
652827
958193
313326
136216
641307
434902
598745
272189
981050
573757
106210
579604
269662
790875
7200
42882
776951
676845
796828
17112
455499
822589
276464
840782
757828
393244
32318
934644
327473
844521
152658
94355
41921
919275
12683
964857
44550
779677
33335
817061
446969
830579
123257
617276
96610
622563
120231
574019
563198
963473
507864
743249
569900
946870
982965
162807
224997
50998
557414
223709
398791
655605
205637
207633
251552
322893
411262
910806
746696
402863
469713
440897
286269
493999
106485
208885
69213
670701
721406
853260
662714
587380
21347
847425
78328
755467
383915
966172
441421
859567
814289
351772
255074
355078
406791
570652
739195
664453
906242
107870
335964
962791
657142
781601
368695
877940
900181
685909
687215
99351
281488
239323
994076
691809
681655
678573
116665
45889
821327
87191
128544
638406
897405
878671
507839
597729
133903
664592
265890
417524
492328
758504
768538
119090
951551
710724
754300
404763
247612
375431
703433
520138
19047
830534
516679
121184
13250
137950
606520
503539
912633
659072
667843
661720
29582
815613
68748
872805
570602
321290
612578
177310
236454
680089
802744
905998
94527
487738
517030
11815
292589
698194
384402
439013
518027
768898
690741
703798
500192
587784
916018
661963
855266
625734
609909
64044
491951
137233
114174
188276
19341
833380
74797
341509
108197
284662
680049
781775
934363
717859
583029
174532
152253
951088
662197
576487
114386
290694
869342
87178
338545
748034
3342
890576
126165
138885
33544
132340
41103
980224
207386
29678
860846
634450
269238
754439
529719
586659
256147
201870
477461
481330
2322
761610
934502
402785
106503
796895
697706
410976
814094
449170
261737
983315
890128
375159
414608
467963
64856
985428
329350
226961
96137
899731
329766
56587
177888
970479
325461
431663
57077
482079
416678
453056
998740
226387
352372
646768
882559
318159
164218
728267
440412
124824
293731
563162
877945
64990
986870
966538
344450
497954
812100
279139
852190
805164
899030
672354
479905
784129
234593
727186
172356
123832
7875
78059
675372
707838
669910
749521
760670
5401
784941
493548
865676
293978
196282
378255
835052
286469
842878
909036
430852
597584
338696
444055
159575
984476
850984
187145
144552
460634
212648
869797
17130
711119
850730
140031
439736
296908
534260
812163
595341
832309
517198
79702
955786
783455
779587
447477
839293
720100
262309
601965
887214
888886
207338
192430
826541
154925
563216
113469
373756
587817
758705
821670
840324
36614
800925
611982
953281
750573
780491
95434
780168
866204
287560
568355
484063
427354
224141
506760
994232
823069
89290
484222
900936
788069
614249
187497
909382
431864
990473
166905
655589
645189
266094
797091
916887
544928
132949
913124
547844
110027
910270
963073
480364
336460
283417
777515
452679
793272
900570
949392
966691
28789
30196
499458
881558
55698
209580
839003
102851
213476
940492
40108
407257
801314
502241
771980
60481
421851
471391
229296
115728
586531
231792
172015
747727
284477
513455
820206
636177
73986
951595
262737
88300
478472
42004
666817
920234
764371
723442
242028
865841
405736
592877
685171
673944
388735
658144
500778
368698
570487
297854
435676
630013
211577
741399
756340
420816
250564
667224
893581
722934
837346
667640
657415
345879
123248
286053
605690
66762
204370
539381
560401
169581
250357
604029
37435
983055
812353
812349
590422
140085
582559
545236
691565
520179
957444
463819
766131
120333
543245
18735
399469
366354
694811
735590
374366
310840
628920
262809
243533
478494
590916
373760
678737
214405
804194
300431
287279
924749
131768
864720
667451
822599
921429
247968
501756
511036
242662
743700
889131
730771
233243
756500
138422
406160
220160
71678
580638
364823
861988
809039
380354
606754
692896
564845
158632
195025
802584
600527
638146
77950
780544
302013
754377
935889
36304
94144
677784
711887
513141
652785
405497
133482
767251
222329
768327
111548
862337
894105
226310
72820
702205
633056
200647
88393
501202
186633
996417
115779
874609
355250
760398
964071
21739
992929
758658
644960
15845
664128
275721
752445
631674
613210
486143
614352
615527
580307
760980
881355
412735
39913
686177
300468
11123
560586
102576
45172
15091
933378
332036
441768
620423
682715
444277
60364
729123
590679
4575
91782
920402
713599
760689
735485
214977
428064
821957
434073
802996
219238
628794
318035
449960
326938
371961
327338
68997
677018
870307
303459
978042
582988
664536
357380
697415
978623
316584
633035
911928
793377
970124
277585
914232
526125
159551
678560
355019
72456
926392
841036
816194
950784
592752
926299
723582
321858
429652
262976
657676
189104
545820
561055
894421
744340
347011
269715
772889
613408
311117
474472
246518
386831
690577
200614
294107
70160
201256
92477
555944
280268
110812
958608
42838
505167
489380
950936
776256
318619
361313
905890
22420
848171
328183
247511
947984
388820
873590
586082
371577
739426
590718
986682
642097
342743
782323
40132
929386
243138
323071
130003
843797
994284
688670
780830
610504
628572
679635
745843
80901
617775
620861
982932
476243
679159
751186
945022
673406
740754
354710
152491
988034
758712
67191
129641
359641
229040
903936
898659
276871
317779
213817
360989
328088
444657
31897
710835
409873
830092
407426
144246
484710
19437
719209
154354
870754
670903
770340
71830
411789
403181
293994
820553
189532
551374
448650
343735
68360
366531
488124
746914
748620
396709
325584
938270
566112
963356
935052
732377
850098
243670
306961
633373
892055
461381
419443
990519
533427
147403
94875
877695
877412
32944
795264
957225
953062
206454
794246
701467
412152
312214
45123
277713
313374
621343
853626
769104
41457
403546
193242
33030
282826
820436
332482
648429
826603
720241
182938
840034
322408
249910
962286
515673
446436
346569
186800
638662
882540
175313
39710
944141
849073
291164
430839
877003
196217
595831
447668
222893
820645
389380
642762
586541
973873
33518
381376
541261
414926
130988
464350
266496
879375
199860
501694
767125
568707
507880
848694
966935
287422
950479
500333
673719
602604
282113
674148
562436
207801
322123
682106
88112
344473
358617
654007
935618
896064
513360
667309
353013
426269
745325
148290
185997
541059
603520
194020
404922
968888
637362
828244
199220
790303
296815
969837
709989
675125
907983
842157
514193
780538
362521
973529
132033
685593
913541
303721
921544
225674
606779
353709
45763
127650
972410
71401
247271
67515
532658
139687
307188
276438
704699
621595
691778
965204
164267
685735
625778
347240
882315
480020
575492
240827
835679
807139
826235
799664
718543
258593
913159
894565
602917
183001
993150
127510
566513
116655
500222
730550
827490
497431
801742
852976
126141
28166
820150
376900
496832
663915
661734
85794
943781
615767
434788
773321
211739
525932
391707
96173
872818
346123
230413
156577
70139
561541
306045
329680
749840
991666
563959
825660
788414
811336
766256
31423
339866
455658
575961
898472
368302
245537
128889
6556
435650
26747
718951
760808
901722
398651
405406
859441
633956
639968
107524
335475
623388
999441
716488
577576
721626
211076
501217
204751
979328
482951
320472
568696
317096
919954
429301
164973
643711
649073
859764
425625
706506
37315
27376
241526
358942
776560
764832
722912
400712
470967
342682
729511
394679
267680
838660
632443
998134
232994
55697
981198
25480
909051
594698
832404
957976
967353
955349
50913
393596
561312
353594
762793
861055
937263
355359
115050
355321
87218
84778
153274
502628
9375
717318
617773
204134
566642
947461
153052
378031
808331
253323
835934
947104
702090
372901
767124
325496
421535
51138
275346
12574
312566
980343
776099
813560
863188
537419
295316
567634
164741
727795
212472
157244
867734
197697
456433
422174
685293
56215
989615
781910
903423
911790
24672
399220
94125
819681
312668
479331
986291
544638
288271
39455
517874
421466
752505
193486
678175
675987
821500
497656
555739
546581
846982
926511
285290
270419
660013
296883
172940
897586
171496
932716
356090
646190
8278
551015
185775
692102
393061
260298
567484
375778
266215
689814
110702
846750
254742
363890
460807
125601
207526
940663
549251
971260
460426
449122
260864
131457
112957
211785
592213
826589
873012
695748
340499
676213
835641
229570
24637
53447
274764
470828
214064
380444
179975
35104
39464
726165
489640
815347
279966
473560
541128
255987
916727
711506
960639
253551
867396
943208
957938
279204
439126
147568
613375
364754
410098
220163
907142
269267
917169
920533
144074
241892
88280
540
470045
737921
189076
847466
614618
453449
231945
439463
539395
714565
241520
939998
833643
242334
820261
705865
353754
198768
638431
935737
868531
519832
284046
257228
472080
76535
169454
683123
689222
865934
463341
310605
34370
147921
762275
557249
863794
781021
123180
68592
453307
209670
254065
237926
989359
473799
41325
280208
665257
249125
95213
957495
177028
560344
617910
281689
778838
363569
410210
703495
108647
133695
128922
577357
784471
455569
663886
836272
103292
227141
880922
204203
845201
148384
797478
234326
972157
643423
780456
539196
156294
981628
892621
847921
870550
758749
327581
365182
298850
903328
773959
25453
721391
384970
336351
350657
260746
686285
701769
755746
145857
81168
16863
249198
306228
646450
120066
407966
85474
267254
67631
344000
608266
584165
108451
444627
307387
659506
272823
175784
460082
902901
509820
437883
881203
295104
459707
419702
249563
371114
851454
67692
316168
59409
717164
333830
256527
253176
741369
254822
865710
878496
505379
311805
682859
98264
294225
493473
109004
378202
587
578229
240957
834250
195142
770519
352887
868327
262759
188959
791944
790706
366762
750319
708754
125234
147125
434373
228160
445627
951804
127964
312427
483455
777233
644466
367644
217111
407822
347244
315735
337207
250762
508781
675654
514397
298327
977796
803001
259769
76454
370699
529084
322526
23342
149935
104825
536401
63568
94462
437894
745966
740457
973783
498404
921397
504871
349192
980506
571663
859440
850742
279923
297126
476802
967915
972983
435934
206100
302832
631015
228858
67846
882625
244463
68669
198179
329131
502762
776108
322160
890277
786922
153404
769426
912961
647421
414293
419089
598663
145669
588437
104842
888677
996555
863737
393792
944382
529446
609753
236598
245475
773385
50944
221394
415884
145383
41959
352090
605475
493200
363509
889467
733117
471067
91552
786846
316500
855533
465637
145197
414722
339367
119638
691824
760879
591203
488853
807289
819419
715350
560053
364920
684406
839
590026
869476
16263
715773
384242
31369
147360
19155
690417
772704
649900
15313
156367
152821
789905
517331
65011
891703
97371
974607
187399
609292
408820
85079
275695
181211
631586
834802
379472
824087
5755
528275
602788
980686
235543
329051
577235
538246
408520
211760
94823
937720
862781
563659
515816
206327
556337
742433
797763
228867
220210
730271
851143
24095
360865
935958
700546
866830
887388
80596
907511
21041
623249
207866
947547
759542
648250
308520
500247
369491
661143
920029
402673
780393
63407
511379
337834
82471
213834
47505
516627
168952
344945
780074
300931
59616
276360
721460
85836
461110
663632
394664
191278
805282
916244
487205
658365
672102
110132
189534
492520
915057
520076
536629
586403
265342
184493
33788
619257
358631
97230
926037
569106
247227
123283
863092
980804
654256
932895
193800
979859
419235
588450
391437
223352
618182
303322
958770
402156
991836
426191
870327
932641
824902
207362
892093
184496
555182
816783
556300
971484
194216
763737
57277
966800
738079
251684
830824
296616
501932
683946
283597
825222
807197
819205
29157
110379
587527
43247
290442
181772
21135
227810
799660
76654
380006
305239
312596
750521
335842
865952
319920
123802
442072
690380
36365
374436
226743
576487
293164
850361
935052
408160
413296
34392
972947
275864
991465
445614
142615
615687
751304
424456
112310
432099
136530
615023
995487
658885
761379
553961
826552
713759
753513
132509
516297
495619
655675
334114
825320
551482
625146
149682
277887
156137
704127
997812
551645
483215
721923
481854
612854
47223
687234
830804
783548
308115
693756
728697
12453
910975
514133
128800
538448
200224
870753
803887
397774
37672
20760
290995
196762
38257
76644
107346
554947
615641
305647
219524
790382
334466
832311
221173
213752
336975
511491
132418
952988
226604
726294
272844
797831
820627
707338
673890
415554
226387
624292
410142
974425
294292
418359
96571
510907
512127
722231
934452
871211
899818
635607
143897
959711
558349
62642
575185
399330
551779
414327
24752
977243
364649
710393
590175
873250
734777
420103
561070
877977
460410
12419
179459
790676
486801
164160
500442
42450
177654
235920
188851
487672
988434
919601
859166
879818
374311
293003
680909
263775
518574
389187
668001
776903
720688
748686
817377
906427
598326
906543
434127
539650
78946
840087
552416
856857
265894
605141
61449
364077
768364
449901
807173
349057
823327
434978
92039
431895
797717
158269
249722
605279
789096
431078
127653
136441
926333
378083
802604
993994
990518
624867
40261
386736
823226
838191
223990
466166
636471
749029
146252
137760
548780
575886
335030
722554
974176
433378
229265
106410
396617
247733
259383
528092
13468
908077
620907
715013
183552
359828
120231
527435
131564
328858
794053
902578
673231
880914
356894
400951
307181
867764
290069
72604
399650
883742
321554
224633
149808
522317
91327
140724
981265
594221
548827
86696
829351
5119
473398
734569
43462
259727
756342
609479
296488
551691
798516
236264
244367
99798
159302
170307
247845
560555
734906
852012
812218
134706
601359
130940
688979
716531
572063
139999
66366
797489
228203
739248
83632
481469
522181
481358
734462
548233
154120
232639
426326
890678
697842
492347
10184
567784
301627
740590
113542
64009
540981
868254
667185
890995
968054
551796
545314
930302
297248
338540
807621
673471
70309
53048
600603
192365
745044
822389
413167
510793
120846
834062
389903
296171
615589
793124
269205
609404
605310
687754
273525
748979
763176
845297
39457
121017
547760
229834
926744
746755
894581
950137
335222
508731
179322
853277
30515
714723
882604
151828
436153
606062
335028
492308
242128
24133
317928
562664
761476
644844
206190
367080
863301
92023
849177
283784
27452
103896
758459
537537
321797
483377
392002
354972
109463
195656
926853
886462
830954
549232
272506
349614
591447
940173
874005
870141
503340
388051
806746
779092
656073
35476
842713
578404
130083
949087
886550
404511
49709
987986
77371
535295
776887
924877
416727
836859
307739
432059
178273
554774
470234
93939
784057
171373
496171
229835
810635
69844
259763
300364
955230
381639
220407
72683
76888
428532
146631
912614
437606
559359
312791
673243
901644
214559
938759
662364
264997
637597
717196
97746
619887
261847
237251
999390
22217
316382
92190
368122
431011
955958
415075
597519
49614
594402
506116
113799
969047
607034
295910
895054
616542
438521
717483
327869
575421
736496
623350
713263
901792
178548
979564
359070
42775
380410
617540
240284
505706
152821
207741
28667
340948
998408
152347
980901
571198
341811
75554
572460
785403
912340
116935
106807
252114
812165
552806
128616
564617
16357
190479
839939
913795
937701
904882
567842
279254
852467
221120
366482
246137
998452
296439
222355
477883
475484
515795
57103
838361
790948
875965
775646
271265
843524
26555
484476
902030
16299
571392
754384
560339
386876
420221
378090
422234
705015
501333
728393
886258
573112
789026
986281
274557
860908
396885
619468
880422
433012
470898
883952
472754
525013
501618
808795
368621
168209
216886
886460
614323
7927
885035
46844
524869
511490
635750
703484
945411
680798
504358
639211
607445
509684
808949
256932
417886
604464
172074
152730
822939
162104
970340
872254
628857
960719
358235
671928
518285
42811
867943
629444
903278
996229
552401
432456
201283
776151
401970
511510
522499
579686
856512
911550
491098
590479
432894
218549
830411
704117
245662
120406
84187
470192
66427
363125
868654
111284
760044
941857
339258
110170
429577
289155
316281
322767
244839
984837
204042
941665
310531
597322
128247
2949
315945
416471
640950
332367
139163
428414
600048
67813
895641
290977
751669
346473
370432
882115
305394
466396
213667
17995
877854
364996
721576
261753
449777
572923
571328
500972
551286
863718
19697
441373
144738
665541
273913
885523
527618
178228
959796
643332
506160
977096
570710
757245
373534
23707
146683
421579
512058
677037
416319
538913
599209
907531
352030
530810
568469
368840
401644
167951
343357
317383
871087
992660
359708
103457
667654
218402
11224
880741
701325
901688
537213
313086
19583
412103
487676
198362
197112
579809
258990
112109
297820
85169
193582
334823
691764
894791
700110
942200
203783
113591
221077
438131
383251
65006
568031
3749
295910
870128
433459
862092
177765
994680
293126
673776
31694
357692
54180
506454
522496
430893
215484
725850
522276
608396
389569
723680
870317
338196
234337
597836
366989
525953
204050
375067
695077
106258
783781
515239
898727
918955
815990
515803
520240
549787
659330
649287
268410
982836
282783
625250
358072
486664
138543
62768
489797
37089
179798
838133
172091
275502
301014
221630
321843
58373
763948
667112
304994
512075
546405
123415
105826
562621
154103
568006
532562
852398
650876
183954
434942
456527
487452
810261
912170
943335
527614
949253
940050
713982
768886
327143
373791
806933
327688
915390
902070
487267
452512
155418
77615
844325
70946
286827
243665
499424
281810
986020
83861
853298
653167
494987
651745
734744
371850
729785
874171
121015
334557
610886
690327
237967
359147
346779
980921
129062
123312
613984
44060
595531
909226
945292
885257
145913
936783
24097
881337
949742
934208
647348
257494
429574
215638
438738
565195
120097
999890
982906
608592
910542
944134
800776
227789
426802
617119
924718
429550
959973
690279
508089
719092
584383
868128
981630
225079
470392
10718
197488
473210
398386
758816
603812
285717
54050
132640
150481
603607
877275
49646
747261
374433
299937
462064
337868
64150
48048
207612
595002
396458
331757
820870
174885
203901
87890
940235
335715
866802
96300
969730
723480
287978
313031
180240
477321
831068
647102
337674
620550
47718
186738
370973
873126
917356
242794
489355
636525
826661
164987
998116
86394
634959
608937
22606
557333
312648
959004
870467
278308
553047
132282
729619
702022
718547
147922
976809
846622
25279
533639
750626
706502
554592
362815
525545
441377
895226
319023
405817
711749
314506
538097
380789
970526
740730
948677
596405
936794
344306
321525
110717
209400
872695
261662
393093
366828
303109
532465
650816
797468
854276
880303
292274
173339
417813
452299
669576
748674
214462
446096
296629
912231
900185
866697
985859
798848
139445
355604
964331
700500
686952
821682
786357
571459
206808
944033
950899
5389
496209
400988
33304
387601
802502
278071
98541
525927
849224
81800
972583
442360
122175
337806
718291
56456
122324
312470
37362
750210
67320
664060
148523
873047
842188
107503
30128
591962
351427
83347
482985
816022
290231
324988
144561
134919
629992
793184
197811
679690
544464
113636
958099
294926
63856
376604
522003
665553
872227
730586
980415
433690
943654
492500
265167
574206
860960
482024
949029
938801
54707
688229
741318
266656
917529
480650
679472
264616
801802
678159
454716
613652
347470
346238
104098
660428
210675
936458
798486
278201
289908
35688
798430
605592
21498
396136
915282
995465
907358
273642
90206
282814
883098
547558
500816
371180
262889
130998
902039
586053
285851
327001
88532
529495
370451
387491
600329
518199
60751
895135
550043
801198
55690
799449
358627
955952
648206
536898
646622
921426
613725
555479
522992
285801
110366
275873
659252
892010
276125
386053
304507
536940
987777
435350
67978
586470
381746
342072
190135
2901
256373
676094
266312
394107
881868
567462
971233
147059
442634
645693
336545
427422
961662
200293
953198
522109
504068
627495
650968
221299
712779
349955
205373
391201
588934
420581
728766
681858
823478
864642
600241
205630
576120
546077
837359
364315
95082
475155
744954
994148
634195
364548
191802
746419
598984
785960
160730
672971
406342
466977
53367
607039
996844
54
482567
48653
677502
419762
381930
443307
337879
868624
330761
390475
235939
381560
57481
967356
803917
427990
407678
991121
391458
787765
742254
899473
799683
79165
538672
700367
18193
516000
91929
351003
403498
546515
642043
965201
307974
869453
377825
141585
958917
921465
349935
543222
469241
751865
322064
114257
985741
998658
87296
297781
726739
456919
543278
886573
91046
240538
118497
351571
994000
958286
817577
109708
297289
310801
984560
35215
628091
729567
148573
329464
740018
670115
291449
222314
385470
2339
964105
83420
156935
148044
164577
880768
794921
47461
28637
708311
916352
370419
210046
322562
972896
471793
956733
350485
174361
553721
642240
718200
109258
638802
867509
627959
695254
908299
406991
432041
236549
194012
972432
590941
563320
200818
129444
484429
667218
730232
10842
883713
236583
121217
793204
914059
40506
490910
43358
223534
509426
329463
140289
471200
837024
635714
150640
699361
916393
882394
730321
182097
951186
886180
173616
78881
84383
26219
71478
672199
447899
657425
959039
628403
203672
323211
336627
869794
235740
160053
258663
639025
595074
404384
700358
657307
887150
494618
490945
986230
566044
212959
365742
159505
453656
12932
218989
50756
754097
935711
227391
880453
900147
521342
450017
666432
764747
154249
804832
654861
241739
521384
698935
662570
1842
37638
894879
144645
354313
847653
549640
102404
241834
268216
325668
725613
695272
920343
155682
521856
104286
193593
451661
195447
363621
726645
665874
427577
786923
275912
970899
557658
960291
459418
661570
135664
705031
966880
527833
776101
299465
657549
242436
860598
343817
401668
652259
374040
434191
924217
158307
307246
3781
503834
775354
690252
652755
278615
782338
579104
651254
22208
595143
97499
873497
624568
579659
269483
509280
117494
567314
729146
97864
946424
38150
727541
208783
101415
254922
785157
961938
427951
820022
911904
290092
443052
342183
625668
171543
310197
333875
398929
501804
379410
2351
369029
53852
204597
15427
76877
466173
354318
860697
611319
272130
417772
224087
452414
936381
759918
100044
221835
897326
253830
601311
195878
944471
177080
243413
934303
726349
4556
385553
203635
344288
593905
698692
772894
467169
874291
861429
404795
327045
567524
523779
682586
418517
671742
760625
876124
626806
754543
115879
256669
774864
147021
18861
56457
749011
687730
873578
547426
99991
213059
658503
491264
981557
232766
67146
204487
905207
743106
954198
65691
257907
747481
93269
888633
605096
728433
959841
967633
791072
810248
61460
3212
58669
943165
275345
809044
963723
838156
256436
768902
207500
867624
901824
866978
22411
346105
804588
223357
303306
593473
326013
325482
330746
906564
123343
463468
680114
481407
119700
815653
846308
608330
837886
482329
73985
575397
504349
899437
540608
675219
610053
13505
417086
386057
637884
951946
711062
850930
465428
872752
883348
993140
547692
758977
633888
755245
841027
811683
243634
800934
57534
598907
66921
443145
346728
73687
523415
522386
281228
237037
783549
752045
16439
305871
178874
799366
438498
416511
511602
731391
441348
499014
548416
374187
581162
316022
454245
166712
711458
294160
925473
904766
585228
386981
397338
722692
792126
111634
102399
96785
128802
564810
807363
769687
868277
103430
758335
465012
702199
142422
601910
304717
718446
619626
772716
75624
851909
317860
5161
396659
302420
484502
716914
204502
991929
43108
561558
994876
207435
492383
580342
338709
203396
611196
45915
676569
740475
246285
291984
743253
690704
1355
282064
437212
756212
567558
106939
571631
990596
828930
964841
885377
350180
382655
688871
251606
539456
676606
926729
420260
588560
56570
129968
86731
88692
964916
363877
721572
514687
325885
181649
601500
751097
33547
107418
408190
234535
581932
795553
661856
548826
191900
688679
887787
992347
719958
899752
225218
324553
325055
805648
794890
86793
813697
463949
213657
931932
858000
646549
194208
567389
971094
464061
389082
113169
477337
320146
218125
720006
708042
442453
699039
881766
89590
706062
344726
715375
263986
489597
993719
530116
957051
825354
829604
535169
60673
164878
322548
423665
632967
42176
285682
201866
813424
134442
484681
21136
829611
671223
663815
103768
832702
442777
790948
577930
20872
232805
698460
575375
892797
352362
109491
368047
314556
223625
112524
859600
744073
446041
649397
923656
644236
599822
190191
504999
667225
850607
106554
917504
336336
7934
311676
437745
239956
339421
831148
731409
690182
518978
261261
68835
238166
843476
21282
266040
88359
617681
888462
72382
885007
546097
810701
831704
118769
280224
932762
888250
445321
245727
62872
909688
451926
41692
533710
290205
948554
203531
476213
571935
571667
274677
11149
537767
322290
67002
804081
148197
260201
23564
102561
458504
349642
255772
673140
108452
59473
424201
552508
886831
649874
762371
325717
345444
923544
963871
975679
604671
899168
91253
193171
98929
463319
264927
254619
169499
848492
747128
371387
361931
993162
768347
409502
908265
343395
567618
188160
283720
606215
644277
94907
128314
660095
500726
934433
421590
978714
308421
428759
555502
462143
288821
425673
38084
293657
949983
703224
780334
877529
666541
492050
242821
522394
976406
591200
761220
923936
428215
259273
625519
349779
409838
172083
218281
951424
357616
714353
257547
870211
338337
645927
321275
384013
405587
691956
254386
943723
410491
417767
37542
358597
370023
7726
269252
78926
339018
673392
847322
148815
856662
54077
638020
787307
962007
8706
633687
619746
90815
226119
982581
869912
983279
246924
633655
118325
936675
726423
640096
376939
222496
98422
889356
481627
186463
172313
842450
279072
966059
81685
35080
843780
848161
329787
894550
304136
947165
142072
8917
608287
588305
37294
867488
386786
446402
982122
850951
665622
226376
149230
626954
611051
68904
147085
72749
964620
350826
683886
419863
572773
324691
941934
312522
683957
184333
178394
382989
525464
9706
229321
866346
134976
937433
140561
396745
752866
614281
119113
59180
538705
550540
674124
295502
959376
63396
653924
977517
620106
382477
169252
653455
997519
687231
659745
891597
533065
655906
578563
909041
720289
745565
747376
331117
78195
208186
60368
957787
483507
989903
454387
576397
160323
421346
957772
720099
240229
758683
283507
870099
154346
14644
669366
799844
833662
99618
136420
634837
672553
556934
467069
482263
221417
521433
117643
461413
536669
189455
648003
781715
509271
325081
707302
922326
414836
106126
834061
282283
362018
145707
672445
101116
363081
419489
38913
382372
284087
282268
178642
668676
194048
67854
315711
789176
84897
136581
891861
891443
626071
301968
417259
801264
836349
254691
624089
918487
436365
533166
122019
297461
797905
745882
254724
357335
79234
355731
246621
956280
717149
825928
616034
967692
84860
74711
654011
960898
24609
353279
976288
868289
546641
165985
173749
435343
985426
79652
825136
605700
328302
908507
794706
554375
725414
129070
303856
927558
464373
987743
379088
603225
184281
676741
852228
673683
231776
425253
989803
544953
578503
569385
722142
627981
844803
711929
602814
445096
17059
567388
390925
781584
188942
323162
997883
708134
111563
168413
46661
8020
302357
103763
530782
269874
65044
660159
968177
239376
786977
324725
100302
180188
426193
797814
639467
932574
963444
18583
496245
19772
643569
541200
643626
410562
542682
961431
665474
295279
513102
182172
264415
532326
83875
204238
220805
514111
238624
247090
830128
564321
289372
191484
696733
938733
662626
400025
681858
880394
548558
926661
19915
24755
166354
785049
81643
942025
294008
462955
757479
184244
315840
244089
992996
737920
978697
107262
481460
608073
336558
743042
144268
35416
550157
143880
372829
18760
505281
54402
65973
777979
97467
458453
581414
309439
441886
643934
159472
398323
492650
265673
935600
950470
293079
701953
263672
247308
492333
273592
660214
582120
179936
304113
368007
428758
378897
88783
5681
677376
205728
132070
154665
315182
118521
789347
430535
582886
675285
585754
61265
491352
671794
21036
490160
527400
990141
501941
683409
716505
335039
599768
791140
842347
503536
899874
700839
736056
576353
344251
297338
585226
73055
945959
608729
759942
696711
29470
76728
820238
684427
153744
659389
901747
783004
72823
352925
148752
991692
786766
447167
481128
396549
272601
617588
758158
527965
915702
673519
73624
907747
168433
690244
563971
89944
831697
306789
821047
784779
541717
198290
186091
472313
441955
260221
484338
807495
293067
105120
860694
76454
632291
792958
945148
779884
699694
420144
786803
633351
466325
522900
324854
941487
628860
345910
35427
520873
897930
499157
775008
271787
662482
423615
683543
269967
617987
169097
317713
271575
679380
757015
781751
105645
442136
85839
582400
855604
46931
77653
606371
831808
983294
282961
896969
356716
230768
290820
985065
877258
496270
836074
81324
583030
212269
117151
243428
922432
175941
54763
58337
631540
295030
912804
292659
430420
928900
543955
953348
126725
589256
452150
546842
363533
286293
231347
61785
225199
456620
321189
927119
997155
353793
427429
902530
512071
900921
31004
847682
858085
962026
154176
32000
664953
498919
786222
616727
92655
537725
285131
728770
953883
938340
60722
955739
503453
625055
538220
448432
34066
568352
8714
741107
257122
492162
941863
348658
411755
813469
805011
711336
924161
698695
558059
315410
879807
149194
94349
124849
470240
463074
536485
232110
695110
617821
976078
223766
746536
395679
792583
386131
807901
584719
174369
345730
365339
339279
798926
522108
514387
365173
766377
504362
367269
766833
108970
116056
934064
360822
328710
32716
779762
813613
553191
787604
156078
431004
212840
426713
389720
593726
901614
26304
195457
464803
231970
872205
357448
404400
355586
455425
129609
233278
103405
325196
893103
148420
907196
537405
330315
223968
763837
928984
807247
985888
607778
916248
653008
852005
433811
301757
159087
981795
502025
35138
840772
574570
139769
265880
328941
321076
755844
513010
677285
953954
511398
182594
181147
554921
571249
630242
935004
935319
566478
69797
228942
500460
541558
559692
613397
989734
335132
493077
152987
92602
774483
555911
860184
319268
481528
362997
920145
560995
133463
756680
435039
315813
379202
411887
192533
172397
76429
236493
1740
807839
629494
128447
635804
418089
689497
706450
139587
701214
13558
738230
316095
628289
464065
379572
50312
468019
597260
832924
2446
739753
127338
553101
341330
408927
726612
142318
19425
362989
349932
586055
911993
36320
11599
155795
172519
28545
524315
309140
592910
65706
767162
758657
331279
108429
785724
731516
318125
519576
714823
767744
786262
368152
514141
823591
142170
994673
150659
171575
606072
972719
204862
43038
298548
128940
217635
156290
131658
790167
764283
437334
70920
8972
717004
815125
394762
892736
202376
332993
863936
682309
519745
799793
377489
383583
510686
573727
510926
162344
395052
176381
369393
277664
524782
46061
821614
599672
837931
754795
208987
361113
361633
268511
163202
882521
673117
942750
864177
410237
807923
637825
443818
926632
832224
767323
309940
321442
188206
954039
515630
62041
401599
356895
649124
146440
892690
941677
578774
911340
451830
56825
450815
98937
16354
19718
717716
571585
577563
301923
669376
233831
792082
665942
104739
255395
628180
198791
319115
999953
477952
451152
40571
610981
386918
398829
253646
629167
278731
476797
891777
967574
484196
605364
181961
745737
227468
594078
24281
748025
153454
255263
869116
909707
83339
826643
953468
892636
673841
988051
100074
345854
227225
140189
701756
175994
402218
40795
61466
456229
774553
315150
945904
869968
485670
878794
638840
754840
262335
813684
251247
65450
506593
542469
655119
532277
16211
611510
380800
267679
145225
430562
474212
919673
353742
919371
24144
343833
550455
237299
404110
212829
599048
703931
69227
823091
373886
187512
495672
914873
239918
319306
650596
123522
836716
153546
358722
799035
68190
802971
749402
243473
227421
543240
132166
153370
907471
879108
510997
532403
605860
550377
102799
119304
827209
958442
847341
623377
73903
655955
92592
567210
644531
682649
537578
978821
984845
4998
735127
685864
659007
251661
669607
15698
171460
93049
613893
510570
800458
253784
19756
359966
672412
337518
250576
395484
891283
438006
756938
679456
892661
170546
273278
590674
424115
73110
658378
464808
488041
871362
927705
234948
92945
646820
909514
327920
208704
789604
555997
734915
820012
165023
473529
575599
870497
211298
498300
568106
655248
371079
852527
411397
388535
299437
996
833930
963882
848694
927652
45656
226099
691589
311507
785331
188330
976014
909850
344404
66811
378724
999706
109091
349883
131464
654537
719337
300037
714126
281681
481864
589318
217683
578087
547837
274627
844562
328905
143447
30370
344764
831538
880212
430027
711774
799330
360840
787254
627550
917082
902084
812204
925119
756090
65485
439422
834304
14857
579
241136
626001
363749
557835
594808
111702
857594
430305
838067
197627
129746
964578
717037
597336
532292
826460
128988
979552
699878
733890
40962
989070
307195
44354
267652
37797
215517
857083
104141
97644
4632
751423
671187
330518
586777
426108
765753
198758
10842
289154
746951
511467
36228
390758
930424
677578
170958
750833
640923
206282
671664
906114
996806
278027
671090
735469
759445
144024
832306
469048
142916
164127
675699
544641
763904
51433
219974
857213
716375
7844
274023
25937
406741
277307
949077
168823
28974
139296
533130
720024
734198
528250
535312
334692
592147
246770
235661
657195
334472
841660
643897
574622
113168
233994
380178
121327
314358
887575
247355
326568
114907
839600
48564
977393
868674
414274
882570
211747
26536
302141
374353
906501
664490
211106
717568
950737
184417
218750
843607
647712
861903
148685
200914
679993
333142
823646
38232
654096
284127
975343
812097
308855
522842
427042
977540
477525
793378
122402
690571
936437
386178
781453
887303
564674
480696
592028
974225
368965
670041
649945
230238
381966
288919
46972
596802
206371
867778
827180
744654
721378
647326
12564
271873
28447
395508
931407
81017
846686
5407
776751
901511
201043
882857
923757
375206
363590
771419
140611
722879
70344
177426
84724
24049
461537
962180
932401
179306
577323
51030
206895
655227
510346
173224
67824
134368
712421
220878
991495
424338
901326
569915
905238
945727
848016
975469
615309
163953
427805
357070
164273
349737
415711
18676
183065
781841
643976
493
260091
551123
16110
674733
250107
491122
541850
912785
186834
168755
576037
327982
89671
357243
303020
964542
574910
803581
471619
665776
576252
895113
552941
507132
269246
370402
284916
915426
479211
334425
381896
498681
792397
680104
679819
934178
506739
987427
914144
935386
98972
686952
962316
289192
803457
573780
604521
229679
483129
570
50840
63732
793831
292100
360337
445939
55438
188911
246309
911313
234520
882722
555908
408717
656277
810348
183589
4375
363640
125082
742269
437043
64612
409012
190770
773749
492278
488543
494992
683011
960333
123065
32712
532474
635647
49913
415695
267706
506326
937336
59332
65275
952708
282602
467424
501928
34372
423682
176434
793553
36724
320821
416889
728543
118251
893811
833136
126348
606795
864107
536386
266702
723857
437083
534821
263164
276860
164758
667902
578877
834865
273167
45790
128929
511857
961342
311022
489564
773356
285335
508226
913438
989336
965169
64603
715566
158751
677359
200271
374105
495993
283110
4563
898613
655672
815416
548230
207956
911058
869938
364611
291176
407812
479084
620346
769162
435765
962456
708993
745654
878416
101016
986803
211708
600088
74240
876800
9287
542433
36466
66484
358152
537582
628117
354623
862712
198592
640200
791382
651678
539562
523905
756903
884245
139248
715072
970992
522764
668281
122581
12760
782422
453396
606376
357783
861881
505921
224472
29836
420139
392854
779219
645281
202249
927817
863004
745540
990548
891643
696395
78701
879097
586878
44174
482500
232571
334409
630944
351651
765230
562483
639419
938337
559462
532000
356952
473288
682851
604698
968032
758540
889857
547374
676494
677897
190461
572212
881704
779441
192197
175133
179211
958961
20026
315966
381083
554650
82041
858561
947943
291616
587089
894293
127301
365902
679130
63390
921900
271800
445798
2227
656201
788355
89855
13411
18467
840976
673045
254362
877900
650147
238641
275808
641362
478287
613178
69659
510934
308147
169958
648086
580997
447553
286246
3591
784862
626662
49319
210843
901469
773712
26342
811362
632155
134010
877250
659010
852658
705678
703460
794184
345741
608042
892181
473438
168327
180675
45303
766142
127846
791103
453979
455779
792255
25910
277278
701369
938737
398909
977951
186774
826131
569499
407907
690035
662052
284267
534904
296043
515328
914789
383877
365989
520853
521629
152067
272997
730889
384427
300421
901752
339222
919169
697251
8757
761861
528087
862172
379011
74962
832630
329555
824092
770682
280023
317426
500859
389660
977891
295100
665870
765043
951191
542076
220405
493954
874126
96344
823768
475968
898962
779045
740793
575478
271724
607864
632943
175003
208089
132452
110455
480709
572703
147571
494230
3249
861461
340303
655395
950476
399749
373157
377016
179305
467274
668319
363089
386159
303562
435211
401349
416505
104063
634397
463305
348431
374882
410233
893747
73165
957973
438457
64683
702339
852781
101000
616843
383378
49790
432420
81423
278560
185114
734825
192665
582536
664286
867772
186561
786874
157304
691389
666674
787861
434085
889116
761717
220589
735056
479216
933886
668539
683543
936178
807504
851727
579403
202704
41917
726247
132559
721533
69105
591455
319038
915056
564931
335118
280975
91361
323320
565759
70088
150944
653797
525013
74937
683503
417236
590504
596704
503610
167992
340130
701962
852417
856439
487214
694406
879614
700373
917910
146282
891135
428558
714754
512903
614121
549174
918238
276545
250135
53866
362158
529917
232955
357328
148144
760270
745847
32161
529848
702619
212825
51217
760264
441285
229630
320918
738654
397871
825207
922307
28519
427608
655594
22243
173344
8712
655864
562828
247437
881081
783250
649940
582168
599749
446257
592986
978531
861706
848740
339851
239904
81564
584877
476307
620343
511136
239538
890360
323024
134699
740610
240100
724562
622927
877733
690218
224484
353729
457279
610522
427858
554163
623203
670204
563664
58239
421236
580695
251730
100287
2522
646449
372225
975927
163851
964842
310719
748479
395921
835841
200095
369250
371499
778377
577701
525524
469706
782801
308687
408995
647181
334534
270822
551511
396082
805123
269392
273314
579430
596871
199671
728654
48732
300277
282846
769411
569964
110900
167482
897491
722280
309304
2644
226356
66697
412016
607792
401156
488387
896182
384864
540751
300285
624542
254631
490739
666794
893065
762021
37553
988264
667516
852711
48731
919415
454820
918426
368383
475293
967466
315081
14393
752103
281963
275136
884022
207622
183394
537947
918141
590286
144383
602934
958362
971061
596312
541552
729162
812167
657129
446184
788459
975750
970329
762196
871604
315121
433178
256263
185677
962739
659311
117189
606991
929027
741385
393499
135685
92375
873856
883412
620803
840969
954240
317452
206746
666074
923736
594907
7991
882771
527775
918251
342005
388148
726885
616042
996082
583208
793540
189317
146033
632736
446206
268788
198790
708931
143643
212819
88010
303712
597119
216555
597562
177190
949513
908265
5777
116458
485193
189435
720602
109827
412005
278770
233798
430284
115588
182495
111345
734057
636469
557134
549809
929779
904990
338780
784618
571141
854740
892467
920742
340970
361938
722903
147355
477935
248864
545539
518734
842597
209503
238081
788949
608770
242052
944569
814497
108891
703151
619419
367779
187134
352047
71761
526274
992038
677221
99889
71525
407687
762281
913239
390309
162891
991207
219366
196364
441597
929322
600001
275756
887874
270314
286527
215313
461530
202071
760207
881477
949851
790640
121900
653130
457728
630770
369254
110678
863025
872775
497345
895006
855702
42164
467029
555314
100880
710510
975998
991732
387932
971929
7355
302357
436278
793004
839914
136131
871225
786329
334546
456028
777631
80405
679955
249892
880578
101406
240569
868398
55580
343708
180346
48186
57385
920771
475102
202577
241247
698475
874677
999495
420669
66383
417117
559172
145937
332848
640305
230226
948106
738555
390897
879926
31917
489353
743377
750599
565302
751625
657201
718500
607318
906318
193883
265312
266472
396060
739256
668317
499993
359969
688058
634319
864995
894906
910734
475642
583689
442574
299593
23112
182
718985
991086
505201
33552
945346
932245
627388
671374
652403
317384
786113
301492
749218
646631
748155
471609
615321
642217
116797
564538
316754
343095
563665
704414
714297
195534
990621
449998
457789
953627
676245
490801
721968
644310
382542
532974
506639
597831
766695
812130
980851
197257
697497
991930
502343
480718
637738
47749
422416
510198
102385
217668
832274
205499
498810
243945
346777
394782
559282
906667
86313
254822
685805
841369
213278
660245
371321
173610
686397
843477
609822
731506
78813
322814
535117
203764
433749
299229
124446
189546
408630
841957
139889
171816
498074
497005
454452
844709
831590
79591
393995
746282
725102
5126
267423
798333
214403
926946
766546
87310
87263
548987
343995
677305
850280
466420
505930
280648
11301
366417
291778
620321
502113
645022
207805
160818
496859
811945
371620
27107
253028
333720
905899
341729
570000
849766
323210
367809
349172
942704
258062
909353
399344
601497
968138
694593
65001
736342
752547
322827
890741
613872
360977
572633
758669
986137
574067
246525
554105
251994
536118
915979
505366
135996
4565
561103
638855
600730
115790
426503
859557
316833
598244
789416
780846
796748
153376
875131
510432
43754
498526
789842
77582
114100
217241
913805
849309
833991
996305
578310
790002
947981
150630
863726
692740
185895
270367
312520
449873
807125
700297
446777
183942
858150
859252
428557
621793
649823
959995
487422
878763
64368
337350
66501
323805
864613
437053
415065
912818
37748
40832
840515
951507
825323
135670
780941
153156
306645
271107
624464
584880
797109
480859
335107
332031
332403
965590
17468
208514
669707
452424
322665
537768
401761
207671
433611
294780
133403
80311
445750
423926
338473
932853
290788
658719
641199
621970
975020
773811
301964
341562
402431
290160
872885
7994
286700
493802
827715
128201
741680
553651
50387
317598
791845
500675
640813
835886
181005
477002
27442
177794
148886
456086
376363
611223
945291
255320
286381
35841
892151
434184
407874
354115
561397
633813
503548
118430
670955
383783
116238
306053
82049
335437
903397
789386
258439
845189
525120
449319
597239
55483
515237
831244
980019
339983
783613
502124
398682
675744
294961
681173
243477
469566
470860
952880
174328
364242
405413
143644
835036
793110
654693
849871
705014
556840
620800
465909
920213
399751
16468
712813
971801
912411
539332
714049
691985
460231
105939
17845
603866
426502
432422
443761
759454
556415
389368
929960
252613
480490
922943
472754
70444
549271
49002
837681
368015
770995
534057
402358
874765
440199
10098
585118
724768
823991
345715
836884
703138
344011
991219
87179
60837
619935
34833
493285
70525
954396
384983
768163
128019
515579
320669
565179
247539
510319
990252
874148
970575
906080
969849
22438
667512
419717
595800
426094
743128
808635
339556
923052
591075
168206
495985
527713
843680
213974
694694
265143
71142
654267
703572
678866
673522
354543
702615
751902
626854
522194
270203
177939
490615
258997
779682
228395
312844
114202
125496
711655
69894
786327
717355
566060
534017
52637
388664
149282
82346
261391
258402
904135
406586
603846
757834
907843
810431
258255
319172
584334
964909
281429
492491
761253
480073
434660
86015
686360
128928
668586
269438
690805
277529
786138
565482
276389
142835
218382
83211
214342
741229
1469
844656
902392
59878
801147
984549
124323
189764
635658
557953
984831
541752
722879
479801
367459
937185
152
636227
885513
92360
769354
350701
567711
574428
713240
319215
922740
842016
120783
593677
174540
359146
65221
553067
97270
520991
606342
704222
674843
673513
419567
651523
569396
632727
972832
144776
501448
488786
754618
138952
821440
377194
327928
958412
877452
767041
281610
369787
616704
6310
53116
799011
125653
737150
856760
70561
723869
550595
622909
736258
136170
59517
18144
987500
132276
747906
148057
200497
474291
390732
723075
797021
486253
766356
122105
118501
935892
382014
612096
202335
186018
132506
643439
654769
219887
495708
734720
540945
259389
829685
335084
399674
837042
39318
540012
542653
59276
597655
288548
883915
522254
303844
332426
587108
556457
305972
399901
698539
442017
253989
626357
53941
405997
143690
720329
639968
32368
40136
347447
139546
924948
456305
739733
375082
360989
734979
4510
725086
317267
799737
194657
575119
633842
306689
757215
449884
602152
878576
260369
730697
772375
587682
737814
504201
883813
465306
704661
525437
917398
548320
797012
976784
628616
593421
140455
84494
23461
94762
152926
849637
160915
219622
566701
869281
606429
181592
513160
794917
680207
29951
259198
671024
364856
175963
785891
224742
448602
500346
943338
397865
822766
751920
536067
704654
861875
78828
816060
770988
885711
403312
873046
270508
885636
286160
839877
403442
586127
152768
530207
592006
566011
322266
697033
633123
676878
279016
250357
591462
346266
269027
902532
742100
256193
860588
541926
700452
603215
436493
68235
270138
349783
520936
198051
921983
524075
651632
144978
473167
599468
351228
270279
729786
612378
515114
837095
690029
943935
300069
348250
779656
80535
322236
8433
364568
896964
570163
638294
6963
422724
246859
259054
29690
453363
392354
595927
144092
122084
824350
162197
182358
73209
168374
824407
90356
636522
768984
411619
467251
9259
24413
549909
89461
940182
702227
18304
732034
14325
713810
714467
987631
194428
755515
89944
794048
754852
419695
254670
215879
964391
706542
982333
1139
640116
65158
514921
993706
737876
83413
735204
845065
657389
507520
326072
920833
928932
154774
441846
520116
129279
701496
949888
345995
616909
230015
710314
354680
381398
160083
15421
717586
891555
400428
291600
55690
77994
445323
769125
756560
533635
637841
410415
553256
71022
614216
380976
683450
465252
273313
471247
135194
964629
132741
297220
292289
54738
534005
328188
795011
733644
512526
583107
9907
542214
398439
907076
556467
316692
885675
64176
647717
482241
444259
350195
467389
311270
469194
807674
371254
206685
429756
767089
784757
813927
496007
505177
629044
743576
703326
496723
287986
157565
596087
823283
26413
371234
243075
656920
764165
561809
720140
289782
606873
616441
931753
69976
839100
575988
274283
146822
21013
241561
236024
167148
103732
825763
302455
775071
138692
332044
730471
905948
177797
15662
209744
666111
104024
860769
713548
241609
68642
988808
24555
829223
85342
71709
892122
607962
927817
613728
250802
215237
118014
961302
268860
335445
49550
51032
856110
849249
145420
84283
317805
734482
720121
902900
110932
256593
752340
259141
131839
980957
487760
822050
821226
714643
493302
627650
328327
241252
799727
458387
318706
481384
315178
559293
865227
859898
8640
2444
351215
255385
309371
261819
816660
331836
307690
291258
145632
321106
985930
188363
765165
680123
260818
797500
210368
648063
543285
878287
538833
491199
269599
61474
942738
256050
726539
598657
817761
341928
77715
446998
845782
518429
891396
182862
79950
194589
980884
420307
517561
933888
319321
930932
457766
715849
932055
768032
946746
926612
893175
403506
868573
213883
228029
56952
234695
80064
646103
62953
890181
117184
618311
794863
131366
753105
881160
846605
473245
854489
726778
283431
494795
721927
415642
438545
161862
870498
792145
906932
64619
63692
320107
895173
179716
582098
822043
704291
831367
134485
807095
506270
762150
683315
371132
438320
30833
878026
852376
513166
431192
870701
565034
849934
38950
367342
814034
333299
128919
926968
226570
212436
924362
275019
217276
327326
824524
761797
640288
231293
8457
609314
200733
917769
64050
354518
250249
208795
689781
130035
447337
70155
950056
704864
29266
283637
757912
757617
288646
127255
181853
35986
490626
585421
156037
850284
812800
253823
275903
779963
382188
917565
123189
304378
621810
94611
616644
299853
894498
460881
192496
611247
249001
484971
47479
57176
409582
836213
19790
501823
378797
596816
212566
622174
615805
755084
340746
953346
638078
77009
447196
422864
740036
743035
406058
772683
727911
57785
392250
967872
452836
392845
948336
38498
906428
9377
531827
332921
661404
683480
353151
327816
764211
510007
408825
542677
280461
773131
737079
400829
521786
151276
951304
414362
361138
788916
225943
770739
187633
204893
241351
700100
993948
863257
34016
939303
928673
866477
574929
408985
122608
631496
484296
687518
578960
846528
591435
142865
661160
673808
807064
168326
654800
536660
600310
681565
157577
786675
522389
290641
404087
970673
47727
19966
720746
11648
6438
393668
176925
16190
887821
577207
844937
15607
160300
603445
380355
102355
222352
523044
610002
62799
144633
60540
2793
772091
662066
734697
982602
297621
802303
933072
969771
568463
500374
499670
851926
90920
123303
622449
588234
142369
760376
258824
759145
639499
972969
355979
606009
647434
723604
925364
627869
619469
346669
825736
441524
630737
151244
867534
755174
295845
467383
296625
11180
323416
621464
643535
405590
40435
985884
446106
603686
676034
962993
860515
740320
771164
374520
133401
179015
640195
298972
659438
424020
261545
286956
971676
663079
734607
983675
305131
140432
298921
697458
449232
979731
880083
455515
462710
788534
298952
343054
382776
278746
904627
595813
635445
800100
784386
285870
791641
323449
104955
205843
445041
708172
987578
973240
869848
491792
462220
223203
489826
570139
170806
793711
516987
499136
319288
920335
477097
957567
947174
718744
49587
934134
702232
541447
513679
302553
400075
507471
200784
719590
425172
450092
900470
488648
241120
603393
752326
46124
376731
479507
978345
732836
375928
956562
749365
187903
204125
5242
946810
139354
881612
851949
495239
325247
10834
985930
501010
967033
607257
992517
299323
655127
246836
715281
151985
168201
77168
856207
943280
50130
892493
312018
296372
694313
288706
510044
180466
214639
815360
732059
925818
325056
767223
762893
318336
928183
340372
270774
264024
257353
374681
328806
722652
762646
263417
200125
600154
902045
251274
309231
349100
539878
625811
834933
908021
146033
936521
411585
17906
7609
805897
922676
373783
837092
106068
123800
563402
771106
610469
418550
822069
921352
282217
342714
49476
928608
314073
678742
145905
574329
684391
831036
466981
74421
402044
153593
902467
773845
333645
144887
309038
961911
559663
985543
681154
35416
814750
872201
764993
382098
24551
666055
997326
572829
146166
222033
537163
914222
872140
744123
304368
13052
260911
675458
996049
785569
966505
21830
329737
556987
89986
235198
749431
735125
761149
475942
318413
466476
772670
881522
250169
83281
707727
997263
964452
130443
974458
440802
64446
862501
736528
81515
478597
663495
485890
817775
174017
474890
923938
187383
27538
547453
131162
76614
932622
535128
315739
369951
36403
939095
549694
2935
547678
236248
138654
385018
620041
623727
664130
9728
957369
477598
318830
636802
174183
759117
734362
340265
844201
933931
477813
204748
883231
589634
228496
134853
688791
234216
983318
184480
273357
431425
72839
64311
962688
282023
64914
527924
112467
401837
295661
571340
409359
898496
901900
247430
374911
616732
587434
869740
181856
650079
782419
760106
396876
124200
70193
540001
23959
393547
210076
959691
214416
898265
809968
406013
721802
629085
784145
793941
355489
826442
714423
795507
380223
160374
153290
517735
234416
346499
554090
901100
244713
500969
633311
783225
349056
451743
476119
712056
928923
846416
312170
461581
869411
450770
393418
957839
540056
551142
901487
253112
278722
236840
703511
925121
917432
759201
328557
527283
396387
312141
132246
473910
215959
34109
711830
177832
127298
478612
276748
417974
160593
338642
610084
630531
454588
670293
107748
750179
596424
614258
488414
184852
917315
753339
713934
688932
899921
725061
769838
950004
538337
810700
331590
68097
529910
718059
877231
991002
940800
715679
734386
590199
617227
150794
117078
205958
435878
387727
208425
588012
133991
123617
328642
948243
151938
696577
553902
973195
315034
33593
492303
347483
778224
479563
252815
101437
562487
502744
803441
180881
516279
587675
72659
954525
151244
207708
512839
106455
569959
762922
796788
59434
795585
103882
601049
4369
112465
834980
306653
218923
874512
416496
906326
884591
129813
142133
565954
703085
678081
168909
45638
649772
564783
596520
188836
375067
261373
522358
304741
720624
572417
239212
782854
611868
608144
726228
386512
59046
892622
160241
830329
777575
346874
621353
978952
890459
547476
380855
399078
787506
905893
208110
230863
885869
669649
950946
631981
459638
27934
598395
944010
440914
359062
707146
268525
893105
950462
896
166323
437769
329289
208228
878714
49367
390557
434238
596059
837100
818986
873842
895161
411631
62241
181499
491245
781169
351590
46211
636813
149643
950878
505908
883896
841887
497090
836275
978269
946976
785890
437064
884403
767569
589772
686696
527560
366444
302446
513564
523086
274948
97996
939085
943672
918777
468250
823151
668941
299330
567583
582757
433227
171355
512655
797448
485408
69573
302024
797341
245563
601862
991874
326051
841990
502998
542900
217671
854909
378020
576110
83898
44123
951527
6869
189692
713320
618220
656217
510032
673253
970059
578505
358153
342260
739588
308787
131489
149826
503167
633306
821461
832206
743305
747416
129656
273167
615782
866169
75092
553009
124976
465827
847773
2268
519697
339179
276804
485902
12362
317513
502214
363659
463247
818433
606631
637647
565552
936379
797921
254278
152948
900209
71452
671925
197037
81487
859336
494693
610781
532983
139849
879341
335142
572362
438594
667447
799909
564982
438476
593907
367024
503896
256169
233264
788068
483667
382339
617374
620290
31561
132523
299935
108407
290580
601551
818487
142733
341664
123258
709891
120249
919524
201284
958512
562431
368091
773493
262108
183801
434024
920634
443600
590467
871518
174424
47912
373042
576715
168759
103232
426563
907073
399531
134929
823138
397653
918580
847601
14278
137270
781656
998740
915967
784374
443739
159891
905719
140128
191257
30793
247810
508730
853734
294125
723069
877226
161289
791606
497367
627333
461233
857128
780293
652333
868846
614850
887914
241845
944981
661962
791226
954551
847849
208343
547192
13994
229200
147742
851964
833754
485387
965585
923725
254975
773900
290402
951340
877941
753231
28389
65055
153089
505656
462710
491022
110409
455848
613937
948851
166655
381612
486744
543984
274936
159694
815279
717964
922622
70189
966962
240119
995405
414259
361909
647391
842951
244584
716118
804078
440662
110473
853599
991203
675708
855957
536379
960383
365799
356043
110548
237311
793466
52489
847208
364219
10041
720186
972770
603410
477769
102941
350358
950531
421683
866315
562034
139223
762296
236560
400129
490865
141691
776624
58033
900244
404891
912322
41499
383285
542968
458516
983430
997010
768234
891125
28143
389515
752958
443060
92244
257208
36455
706096
138124
80574
82244
778113
637008
845024
956599
161275
443511
521690
406947
625197
506209
730064
831993
14846
986714
113524
773275
826639
405388
950721
905122
287620
353955
839302
122220
620909
475840
74798
45625
11543
209960
289237
617230
93488
886222
