329965
63953
846213
642783
69147
27245
619416
763025
992157
251627
684520
114379
669129
653053
66743
780618
652541
528142
692611
676738
732500
238670
396508
792657
30476
99238
596222
269112
677942
687872
187973
635039
251700
905436
168560
641306
237417
75767
449527
486757
145620
473378
259729
941326
616479
317585
788829
185759
412260
810272
327581
420192
493814
637608
998423
382546
628352
956125
602105
547631
156699
960424
905375
919816
124318
549824
879791
917653
457160
832797
587064
826105
364958
939368
283844
210178
304128
104778
112952
627062
569297
191330
209374
323224
267259
721582
101420
14983
236292
606383
405786
352214
299807
276931
545522
430531
117945
965091
309798
761711
464468
637124
273670
948840
622688
536179
346523
94733
329783
65473
712206
940395
186701
385346
94045
730449
732280
84473
342013
853992
590082
910189
186700
258294
891037
577684
868982
677117
753683
289565
422907
458029
936331
884571
552111
367244
69893
63625
752112
181101
861477
598268
10521
715989
146703
282548
921835
865098
677200
605638
693111
949377
259906
115987
123439
680658
829305
421824
631594
713583
657432
247922
903162
686529
872647
859768
757043
261006
488612
779472
280914
131954
98817
535861
543725
973217
519728
501141
778837
571794
997790
890570
849342
982186
622317
981357
288284
796794
793589
170673
412413
774025
819061
347602
130058
532570
313701
578707
215031
794629
843938
965125
763588
290026
458528
155176
567244
582665
457357
213786
40727
737724
722934
930526
672443
939851
65668
347539
994711
912919
140051
642195
467362
878526
557666
706906
319695
240966
822754
780647
437882
202039
388562
325109
980624
727543
503725
322674
878335
358743
902622
313920
260026
196202
766557
449626
944823
39219
845302
821485
188804
417104
211224
595034
806878
875451
258853
658535
980941
731183
73866
560998
30827
194488
339146
846438
408083
621841
11411
682597
788962
860320
445723
610065
276317
469583
808894
611097
983870
850721
364888
471344
665413
75243
583849
257840
883725
546358
710220
231683
248701
150082
962419
943389
803259
652529
216516
192019
209086
103202
957627
95806
473707
138779
18456
870159
962675
442576
884091
568837
624289
780658
291226
658154
11884
584094
592267
75137
744800
268609
657059
24293
991263
368281
995051
824000
649682
866917
708680
445539
894337
343516
300699
862426
146395
45278
381397
537551
873193
81197
835512
170645
700447
586170
720375
575678
982637
936858
402726
765136
625945
692477
169398
72889
289164
934618
222730
189420
801427
935470
215259
806345
894668
682831
688872
305864
981452
382270
826243
476659
241154
960513
392581
973062
782453
716390
379197
444552
231179
393498
626702
722674
400711
641043
696355
71819
353792
526044
882226
736181
936084
776984
790280
974735
600588
623222
903625
761365
743274
128852
99497
541118
377065
214957
374027
399716
252347
658719
885868
807417
438852
540514
334986
66820
451598
349807
372542
495155
435710
738188
275281
335709
359230
446132
680906
911045
154166
869385
419330
630167
599443
44435
303204
962039
216178
578615
53389
700747
878765
233877
340228
999863
58417
939268
646956
728844
542439
399291
864698
897556
157859
323401
472833
175876
287322
107757
467897
256502
260550
439848
360566
653753
752206
913714
372157
513105
791609
715000
433845
923440
178013
526526
940434
254419
177620
804260
332621
772261
787446
36993
330128
418286
550983
66619
47898
144890
172327
494083
140195
747853
784588
531702
602758
844466
412893
459173
67943
486112
563149
346109
822325
903892
61042
705409
348941
273381
25917
264851
901109
315969
494628
603210
726789
285423
48251
930400
163216
541472
649089
293696
865395
393189
684228
189135
747726
813294
482044
720529
653761
167383
597162
531786
756647
603779
651937
510117
145131
523476
120346
763436
724529
998914
426204
59768
896438
345265
397094
895252
610697
64763
627262
27593
801839
119176
684658
836125
139684
603629
697886
166359
25973
593765
931472
252748
283716
276532
299729
80766
421562
472871
677767
188566
978057
48796
612248
471650
137918
719876
378355
92153
237501
398156
158617
47657
610403
276925
492317
787908
485054
932491
144575
27958
769318
719442
25174
687221
91997
878015
76111
963359
26376
747342
532625
603357
606205
878172
875721
393494
666962
555472
9448
139009
728884
618995
829919
831549
52891
400651
392721
170797
399118
452841
835177
205779
512648
808464
592277
5992
804068
99230
617455
941699
501042
244916
141605
157060
634940
193243
452108
704081
947261
315233
447732
21128
237222
582919
56888
580176
961948
401932
885352
756390
84385
275199
148429
340950
398042
759574
928558
515732
994331
523467
825649
374379
570424
968971
674027
770719
671159
8278
183451
841355
895932
195831
85945
494089
668326
938744
484355
914182
291
142894
485175
464767
841530
811366
187581
395936
603586
944802
837992
291745
873941
748855
731017
405066
933473
399893
118599
96695
927433
611298
286583
186666
475737
981124
885354
764986
833168
493875
952193
144861
223461
146049
374540
137558
686747
615344
889920
648084
393416
532438
440488
170748
288189
737297
808994
338597
389392
13350
259979
706934
793273
619481
387004
968583
9615
268419
961720
456466
649023
527253
583646
523286
322030
155107
941617
222264
842852
439700
59049
814288
697230
615359
552327
92736
203093
787490
735374
601405
334613
834204
312084
872279
288484
47921
340777
984186
727742
997209
396757
406774
745052
945724
402448
94097
388948
565662
181405
825888
531772
869458
100145
721654
181830
878483
193684
395797
289804
50076
343681
641115
464289
991531
466088
695972
639787
164931
134287
668713
40247
355968
358772
986369
474062
912311
629800
226487
669394
242619
796780
932821
300088
252766
554480
891326
536148
146188
772326
989585
724752
437284
301084
417476
780907
77023
163076
163808
330180
643954
312015
274182
91453
315045
954219
267200
689653
776591
699954
622071
429050
724781
355110
689882
794377
300139
938225
362741
673079
875285
447726
963364
954318
956588
827469
226505
746837
276023
813012
122000
292191
717619
632723
788157
158262
197475
274124
301992
181252
301559
584919
157163
677059
99359
476128
356264
975580
983946
550494
337250
88418
740154
251058
978272
417079
587859
903887
260657
599750
867290
629512
20008
547675
995548
162090
194744
284750
456100
244056
343515
349395
690306
647400
498675
28670
974375
639609
592515
554406
588064
655126
380591
239345
786040
353439
835830
394014
67539
413724
11175
685340
974725
174039
371904
158190
244990
964249
636856
105691
899432
834887
316574
6308
738601
615198
517401
510936
2428
601251
866274
759695
159996
521062
90241
663904
295432
383620
228717
495678
902792
642736
908042
353051
696861
834679
840327
895918
53945
348988
1931
555422
273643
594373
625188
916854
975418
34684
383328
153274
676878
813271
598062
497176
551275
730033
787358
120007
87046
385644
448639
610625
363481
140881
481417
974509
935255
333899
232622
593923
180255
394782
604591
697647
466637
280507
225691
131717
962864
698070
648764
