29210
46823
6267
98098
91622
96527
65704
19877
446
29422
24976
25645
90648
31443
44836
20458
64460
6705
12341
24041
16121
39859
20510
79831
60479
217
2712
29230
72141
65982
58921
92475
27301
27033
26808
13981
48933
98755
24776
3693
72386
78186
20802
13264
40531
74702
13050
19357
7359
54368
606
64003
34093
96645
10836
3462
29522
27424
63363
60984
16478
79686
24983
88608
30453
28218
26245
11284
53592
20887
47665
30631
9496
52337
59131
63692
54993
28302
66175
87698
1453
73675
30438
3941
16825
73959
19852
32063
33225
94902
54585
1628
86481
29065
5349
23259
51447
95348
75829
98653
30161
72534
989
44324
6082
84422
25081
33926
48889
32725
67310
78539
47829
7592
78640
63664
64438
93289
81251
60026
65540
57361
35112
65644
8017
66348
85392
46880
33058
57458
58060
21032
28127
17791
42676
68475
8410
69150
40140
30702
31736
6148
74703
29478
45878
21294
52197
98334
90879
46358
6033
82118
10379
72257
16724
34944
41474
15107
75011
10473
97405
9445
83347
84567
36828
70556
24521
31301
5223
32683
15884
98761
4111
80361
55972
88757
83225
31707
34582
15558
16360
67854
97607
37052
1461
71550
29032
31499
73061
65670
95675
42502
46137
6993
9074
65727
70868
90853
70936
54618
59363
32226
76455
76576
72432
62155
76216
25514
47872
56620
31486
82585
37593
70268
84639
73439
3693
81362
45667
72438
25816
15905
96587
71585
53414
33749
73697
15745
24746
18196
69348
15465
11214
65772
83100
44340
7161
8910
29689
3523
71844
51254
57943
23389
18121
76001
30297
4760
63049
19491
98288
61213
86283
34322
93018
67800
34354
75417
92644
91105
44959
12378
93647
78393
4697
36964
23178
5584
40613
71714
54607
99826
641
49224
18403
39214
92381
40026
38539
7303
99307
2955
90134
97302
53849
25237
50974
39179
71352
47959
29265
33167
94068
48512
80430
71821
61057
76123
77519
788
42628
64508
90677
1425
92406
43255
56438
37366
92307
63584
14296
97041
73494
81661
53657
31610
17944
65881
114
79700
69188
69839
97313
99884
29183
8088
92159
32178
21838
12229
98490
39823
60071
92249
37651
48112
21536
35526
18767
62728
72455
56071
68162
75530
88945
8754
39644
71394
20015
9336
23129
49308
80827
39301
28532
96943
69506
58475
11131
20475
83650
60001
6029
63696
92022
12418
82058
64948
84954
94609
78197
81683
77486
95956
58379
98835
62158
38222
22101
3438
97431
61025
49281
18947
36172
7995
86058
75189
99408
65143
10039
45533
71566
28421
65706
21265
67561
93968
54330
30326
14085
35479
59846
30560
90515
52395
47620
60327
21866
44935
2064
70225
43425
59959
71781
1236
64002
88640
78971
30926
10793
97445
91024
83328
21228
5019
40517
1086
24721
42862
80633
92470
1426
87293
19804
52017
75230
98984
97144
31349
68661
79943
59925
69677
27867
87767
37524
26451
30749
84325
20917
30133
66942
76403
36133
20430
55357
69625
50298
3713
90422
58698
52207
58457
79473
77579
97769
46283
21868
10648
51555
4722
97917
12772
28196
27094
13322
38782
25003
79474
10499
95176
5017
62924
9285
55056
2338
33003
8101
95740
40488
73584
74593
61117
81401
95358
87344
55354
58069
53419
57560
36787
59946
78326
3725
42485
21584
84899
84967
85818
45292
59788
4800
60264
48384
10387
47535
94574
50906
26938
86455
78460
7655
32465
76936
82107
27779
71806
55387
24344
49756
60697
80658
69117
65579
59135
26129
67778
35501
769
1762
75024
25166
30612
28911
69121
42588
19791
43133
75822
43681
69907
79393
32234
42152
35916
12478
72915
33802
85454
87562
40300
34899
35067
13109
41246
46446
29874
78315
12478
18284
56841
55263
73995
48748
59511
11553
39320
46273
20734
45119
81034
95997
21098
67753
44811
17791
78692
10759
21578
49636
45762
78508
22033
15842
94025
26613
57384
36786
90205
95100
87260
11734
63889
62263
60741
66452
88264
54716
53915
22697
87923
26826
37050
60982
62313
22155
37523
74567
42241
43662
7832
6983
92095
26124
64387
12854
90960
33136
70205
89439
52258
38425
91678
90437
88701
48207
57792
20269
45051
23525
61615
49541
67630
63112
58765
58085
81620
3661
17183
69453
63502
72226
84156
31878
70766
75077
83386
28694
98343
30662
24482
12877
48697
57822
20092
56462
96831
73293
95724
96158
63334
66879
86298
45125
25406
28505
73855
97588
53469
92100
52441
41253
33309
71179
61358
13176
57187
86840
26843
78945
6375
87867
87141
11237
48646
4377
42769
15127
63430
13174
70310
36830
73357
79126
31056
44793
28130
69926
13628
97978
13356
48910
51636
21978
23098
82398
2356
98328
27773
2480
12761
46696
93050
9500
24612
64457
21790
37055
58186
42975
6572
35774
96760
73576
14031
97183
56713
78050
5920
24822
56227
1851
87877
92008
8230
28290
83931
56225
36985
58529
97570
25915
49422
81715
55621
67079
44504
505
55608
91115
10
26544
22552
5584
36023
52449
29225
54171
53098
61110
87963
317
32527
96237
62086
32243
35829
14576
25417
80151
21079
55474
78694
25792
23698
62899
24258
32919
97257
28516
1
82823
11160
89928
85084
350
48187
12929
59623
38146
72503
49543
88190
59480
58227
55563
67712
24026
60363
30824
18438
8889
84472
89476
7104
40686
16950
61861
20868
50859
46493
96320
98336
47988
95156
73773
41419
54453
46357
54000
40800
63916
23738
76958
50039
75275
86928
55940
77614
45603
4864
36440
54325
14277
74506
34065
99380
99923
70226
43688
88180
44300
52099
47614
65423
49486
5211
97431
73457
12242
89482
96486
63184
88051
3803
8197
79763
70400
70130
46905
75864
49000
62856
14528
44070
69848
80742
43949
40725
49649
82015
56259
11968
33113
34882
54518
645
1409
79612
32144
65627
62587
98891
94865
97907
57912
21228
30336
59311
26537
98518
68581
63519
28736
70380
18845
43915
68781
23512
37890
36270
55081
94682
6659
83452
62744
36809
19009
63931
53469
20149
55141
85120
29381
77512
9618
4696
59484
81942
63390
3478
95249
72269
92084
9791
489
90596
45943
68775
4638
34015
9052
12324
39293
95399
65118
68855
49657
93913
7821
87760
51087
96845
38353
22091
85807
18729
29755
2181
45372
32614
84092
93509
65550
98870
94736
57195
64211
19576
26316
18015
54069
22296
63495
81166
69667
44487
83882
2707
20650
52968
2601
83445
1634
93664
75499
78867
62217
85907
18006
8118
69564
6341
75426
7956
46794
50276
88733
81921
35517
24292
79560
38654
29391
65031
48505
13906
62405
28306
33474
68773
80130
51189
85374
31913
53413
58846
59223
93650
24134
18535
2843
99535
66573
64294
14404
93072
32151
39071
27414
18612
89350
89404
72589
49291
62293
92542
65146
25561
41425
83051
63024
51466
89170
41494
16128
90509
912
43608
33710
17424
60014
1617
57650
34774
24283
5710
14005
34301
91307
14061
2411
8627
27460
88402
88920
10514
98161
78003
19616
84754
72628
640
31139
75514
85635
46659
35797
90230
82240
65974
8492
16651
92926
44888
86554
74168
51120
15005
62811
56570
98787
70416
19450
58886
3647
73978
82831
66588
9228
45743
14921
93831
46213
6191
3375
29647
38046
20945
47380
5522
21246
330
24568
42958
97704
60034
16191
27093
8158
73197
67207
14352
37053
2196
53979
95548
98963
36980
92297
622
67114
20832
54097
31148
64793
18603
65393
72962
49346
74244
1388
47152
57629
61422
99248
53989
97868
82260
86127
22158
23604
67651
13426
38483
78364
30878
27032
55364
85208
5608
78963
35012
59133
66211
38228
94710
17296
12614
72705
67751
11714
25323
3082
97189
25284
74682
12742
22189
92220
29828
19368
11034
82740
78466
64450
9194
84683
14785
52962
38712
61154
11956
85130
15821
85060
28291
92948
85770
66732
67287
75226
56574
21543
45017
76710
81980
37280
69278
68763
64428
34730
76241
12724
21067
20376
49612
92525
20792
17657
10263
19200
72877
92090
84955
99416
66812
98484
92348
118
89575
751
71134
33917
69415
24028
23099
53665
25576
21872
75412
17519
56550
68187
90935
79401
79884
85452
58389
38090
27297
7320
70697
30236
41413
57330
47154
18762
92149
10098
39097
77593
59170
19699
11322
5246
12228
46534
92268
22548
78056
59069
27449
90515
58339
28959
65347
96327
99800
23755
82010
11145
34660
59348
69802
60877
83712
48745
42100
92663
14880
1294
62874
58669
51813
57824
2726
34913
7484
6850
73554
1778
32930
92530
93165
24803
15836
26954
86922
95914
63270
70636
83855
26505
43701
41210
61440
36835
58851
28578
36055
80404
63704
73276
10857
67911
34378
93100
78044
54874
84069
6430
21388
3911
88558
38716
98164
82204
37854
33218
62992
36845
35362
98445
13595
37809
89073
81514
91114
85949
99400
32861
7193
33546
46260
41796
9677
97349
71218
75939
97908
36640
36926
5458
56325
85395
73508
36297
26980
13483
65906
26636
54684
60286
97923
72236
10409
9091
71086
25357
8451
53253
44957
82072
56366
44758
99331
14953
24004
23061
20426
38720
11068
2447
23948
69167
50776
72794
6186
80638
44763
41219
32665
30177
2943
18787
19869
74462
45822
52672
35635
38660
36890
88673
56625
29145
90504
16227
35895
47436
22531
92926
94440
99355
47434
10493
14889
47208
20966
39930
85385
52025
8637
25160
51898
12124
58102
71188
63872
43
59183
64236
1569
14507
37707
61666
10249
13419
51413
84380
58841
70512
87126
48192
3197
16333
74377
96896
65718
52564
65663
72370
50437
28228
41753
87473
88309
29797
17445
11030
79936
9325
58072
29412
41494
23547
27490
30756
62634
47811
77453
95871
3609
50878
79178
67051
21189
31749
98081
10451
13484
19687
46273
34963
73453
6199
55134
3785
77955
85380
54286
92374
68382
78458
57237
19003
97734
6790
89786
26707
57632
43727
45422
60278
10444
65921
55195
11206
97865
65193
97647
86216
22509
65007
466
89677
95691
35304
60251
23242
65547
7254
67584
84458
77711
65838
52599
73957
63763
81307
88112
63012
36466
68345
46811
26054
61903
6788
39308
18260
63225
9672
30310
14175
46525
97544
72088
50072
24229
34501
8836
44031
5177
18135
31802
26221
67737
21406
37734
29238
40435
42428
11903
68373
79038
10967
9293
83975
1753
41495
52117
2823
65364
64975
20205
15137
82809
82645
19577
83979
94773
34412
1125
39850
83587
2161
90534
13609
77966
68219
9061
81125
83059
12128
88489
96666
63098
9329
51359
78354
19011
43711
85526
43336
93108
67685
12983
77934
42111
25533
26804
57249
75798
71185
94314
35869
28651
23078
32350
90357
65565
28902
95252
62914
2989
63161
69894
22570
75399
36769
9994
611
35135
87128
30090
46618
95702
92918
21097
62862
28334
29177
31921
44473
59046
4385
87149
22043
81971
14529
75582
79324
56827
67877
19220
92926
3297
445
43478
19243
44057
62892
57847
63354
26523
37897
44263
98815
72226
39382
18674
83739
56288
31953
41649
71202
18221
9484
55549
68313
28741
15367
89916
98052
83517
86294
7939
78651
88948
581
70042
71112
10775
37913
35983
30159
55535
85606
56458
15748
622
62832
46863
49171
54006
92733
38905
85871
66594
31457
86776
73171
91874
24147
88626
40309
6010
28119
2556
165
61285
68375
6510
14958
64187
25318
68575
47067
51453
14442
66743
58508
17490
39660
17787
8559
58524
67620
4070
62575
97610
19837
18492
33983
18751
22882
104
54857
58928
71815
43213
57872
55128
28468
56905
93515
9011
99876
95627
39803
17822
17742
41311
47017
94532
85315
93672
89130
79342
92032
46166
52712
75891
94702
72257
12941
97146
27157
55693
26608
34421
11293
66164
72718
51253
52515
44948
93134
22153
56929
99109
15013
56670
42814
97617
6953
69238
35972
80595
33394
29725
17419
70403
62910
15315
61465
50696
22898
6015
4886
8628
99167
82020
61654
99964
79694
4450
96595
27289
53942
28051
86563
28787
13102
77106
19479
57205
96523
52637
88638
9345
53570
80471
95467
76836
99511
93058
20538
71171
20781
90521
978
7069
37190
81317
51379
57787
93042
40143
17657
726
9062
45986
7422
26969
44976
2429
65541
14325
30417
5058
7245
70812
51711
29769
22728
83398
94511
14322
2619
73084
49087
54878
68230
34636
47090
676
15673
55670
30014
59682
31048
85413
36384
23453
48464
70523
30367
77893
28653
86408
141
32037
83094
50915
92795
52328
95202
86072
22420
77523
76263
35201
31226
80417
79524
72625
70638
73379
28444
45579
13830
44451
53263
47452
19746
74741
18484
18052
97598
92777
45433
95305
89446
51352
15322
76643
28008
3114
18523
14344
8584
17587
89258
70014
62305
68786
8016
16301
7697
61097
73742
44844
8621
63292
87869
33164
90104
24470
86926
53798
26898
43204
16540
27661
60284
21010
36666
58703
96316
17544
97188
31857
75879
57448
9710
74207
21370
19284
81479
86974
24744
21247
14034
79750
88794
23636
72856
6963
18599
41815
18522
45459
27839
86195
71118
6436
54850
97888
35324
15621
56598
75788
52667
23591
72424
87851
82760
19570
91026
62545
41097
41171
33869
5978
69462
90369
51917
21408
52661
90891
17898
15484
99060
4043
32935
38842
18208
53479
70072
32133
542
22028
71992
99864
86577
82271
17544
1829
37797
56931
76876
36298
11028
3000
28726
43819
35784
54593
87917
41341
84756
28727
14982
63019
51851
10030
11570
22379
38200
66944
813
50654
51045
94350
79046
12140
61700
46961
13360
5202
67496
28241
18282
83395
61653
30959
53992
52465
36877
70124
760
52276
99007
16014
25342
50009
67042
29517
6688
53626
14705
50881
72100
62026
95669
4834
25317
89532
39063
35821
29925
32002
64774
31678
34092
14290
38598
37158
21365
57473
27821
45262
25202
29981
73515
53476
54361
65235
15960
93224
94349
25438
28577
82505
26511
94063
85954
92401
98002
12025
33349
91198
63307
31149
48813
60941
15483
87329
90796
38400
42090
70025
33071
93817
86795
51889
13780
98378
95798
18004
65514
72747
27343
97346
71902
62730
25882
24706
68861
10748
12991
8898
38128
49301
2006
87026
8288
77756
14500
42521
91061
16749
84381
90555
12695
16828
69991
25011
60231
27480
83996
73590
36240
56915
28010
5950
75777
54143
43162
48119
18694
28180
32907
38493
25943
72009
16199
31406
24246
57094
97184
9925
76418
64813
6711
19703
46052
26487
49217
83997
47522
71302
1597
93819
33082
39270
50634
62380
43682
87443
7183
61147
39130
40359
7044
26431
40774
17752
45103
46091
96740
50965
62953
32874
48643
96951
98870
22365
89529
30529
20897
32213
8931
21916
82358
71589
24816
88036
99152
73359
91124
67353
37004
7064
78395
11749
95039
48188
30693
31212
45389
92305
17696
15155
84539
87518
62878
73706
63751
70953
3869
94609
18164
71893
65314
59362
93423
62931
38314
13
92706
16200
22989
69071
99715
33386
66530
64537
84930
70944
12347
64324
16823
93495
45136
19872
30025
6670
21030
67172
92382
43457
38217
52932
30625
81337
77390
49599
78666
42408
12463
95557
49372
50614
37216
11905
97852
46999
60854
9427
19870
19680
61822
93334
73672
37520
34800
6882
17198
900
4549
22523
32933
93202
51874
37433
57208
87611
13605
64256
81031
28488
49760
40489
75387
43575
79987
71884
47916
21082
64884
79136
39254
41504
96352
87676
94675
44796
36582
2496
11385
86422
58401
78622
93649
65607
63358
50189
35839
99829
33814
655
80107
71898
4651
77763
35858
5596
48047
55009
10038
84284
27705
25551
25845
62011
45705
28873
72941
24809
20922
51039
32841
69418
141
30029
62481
76704
11416
45185
71182
58631
9238
84821
18835
10046
35154
56910
68712
98002
44499
56514
78288
33672
31205
70799
93747
75283
23764
74386
55894
57762
86817
55231
37292
71742
88842
12703
19408
57034
56035
82840
4313
45894
66680
82549
26793
88661
41177
89095
78534
17548
68352
86697
5294
83982
98896
37371
94519
28940
92300
98229
41150
87593
14661
10958
49216
65311
91280
70133
79804
44682
84481
19933
63217
48600
96081
19365
48403
1572
61495
5284
5581
42860
48590
58673
51869
81588
78997
82181
23531
49143
51152
41555
51394
65764
60678
46261
11507
38414
44309
24782
17181
66009
99856
10107
23479
23248
8211
63441
18257
8341
86079
5383
31001
40922
73693
15132
96162
24484
44690
58040
10566
46000
78681
9527
3198
37130
63109
50445
47489
49247
91176
90569
17556
88986
70418
69655
65194
64420
15035
99766
4330
21148
39009
88328
62017
96428
97958
99580
62110
85894
3840
55998
49456
93410
72328
85173
92256
82707
51926
46922
84943
39529
22269
60579
6327
68912
82911
88059
98776
70437
95747
43428
22980
9864
70509
42083
57953
238
11043
62414
58739
72922
16413
86580
96963
95411
69549
1962
34267
58626
11356
16757
21726
1658
85593
27333
82966
60904
28945
72024
84025
84168
50946
36260
25326
35060
81150
26809
23306
9924
71257
71784
50859
99711
37272
9934
83811
99127
59721
45200
33877
48844
89383
1729
17340
19291
9742
27125
83977
72325
78979
18001
38325
89643
42928
11125
80435
21661
99466
13812
95180
31930
24502
38037
29292
6639
56930
74492
5831
62895
47219
98210
34838
70107
66759
93992
85888
18981
59195
18875
72872
1401
82920
18477
11045
33189
42650
22504
26399
12519
71577
46863
42773
16178
85413
70427
17771
5545
7541
22883
88093
76057
12103
17671
84496
93762
50022
41855
79305
31701
23264
95265
28352
67416
34698
91140
77454
20140
36311
52354
19467
76807
19726
72053
64836
69168
89204
4134
80099
76267
76046
60641
75224
93115
49318
79327
36176
77677
97289
59306
65402
35447
54513
23850
81066
39466
56592
47322
1249
19291
74583
97090
2596
24901
56321
20608
50310
16473
70734
65985
54761
92216
96521
67456
19575
6284
12113
88367
38809
77127
86018
35162
1547
98718
11280
61301
49009
64262
76449
7012
24960
40274
34716
38044
98915
33382
52858
57956
5381
20603
18406
53541
12418
21771
13360
63396
95737
48533
45837
71540
5080
50079
79345
66950
55789
76468
76586
47336
96467
21086
93544
29877
96512
24409
11023
32807
92498
38739
43664
26437
3765
23534
85821
90966
27052
52797
57276
50553
23146
19106
62288
2186
30522
86430
84091
79693
30798
27502
15563
45000
15701
49749
59720
21621
49986
86237
66391
97042
51329
83345
55623
19080
23615
78505
66170
1756
29187
96404
41648
22243
46693
48155
21211
1507
23197
26461
27558
94229
85812
60107
37957
15031
43612
36163
44866
71627
46366
13119
8872
14376
95667
53629
69855
81121
52387
96764
91718
87368
50179
2056
69369
18008
48228
21
35373
21693
71792
91837
81439
59514
73925
91923
82742
56365
45388
16624
71430
75239
10478
23258
3018
3707
85819
89080
49059
7750
87036
60847
96423
57851
82195
71929
48355
78443
23575
66547
21333
81534
79326
54063
47164
6976
53035
6548
96883
35060
56906
23815
71076
3533
39438
50175
95749
6848
14081
9379
21895
13091
34500
46150
29174
52547
73252
6788
12182
89896
69984
22910
19684
77851
88967
75444
96044
68640
1288
55271
2189
77185
12770
36648
29373
21354
21315
27225
85821
27134
83377
42618
29347
2643
50281
33870
31235
81329
88088
81267
58418
9539
10183
21042
73501
48765
93208
66870
50482
55821
11693
25433
79976
10719
65002
74476
61405
50264
54385
19281
25748
88043
99099
16105
51340
3398
37257
86853
39998
36998
55998
20674
88231
29378
48115
53302
95367
81325
91315
48911
78151
87872
82417
45065
15890
37645
70637
77245
61543
38544
29785
78690
76785
1670
61272
63755
34676
82428
53966
70483
8763
63748
16304
6140
159
53957
65263
90939
16312
93808
64783
7431
98664
68131
26374
69327
37596
87040
62265
89363
44451
35486
39428
83159
42574
79841
38998
92006
90522
41367
76817
78754
14741
30213
93758
84067
1625
52691
20712
27003
89015
5665
55301
61335
86845
8397
75511
26593
95152
59038
55603
89171
14886
22135
59838
9895
97759
90363
60715
31691
46326
78061
84573
40990
34013
90598
37959
90115
22537
21487
61776
82224
72224
60951
75353
32011
67634
84549
2099
33906
45285
40422
74804
96733
54636
67936
17958
31470
94651
11036
10157
23854
64854
95817
41625
65222
13713
32582
37383
64076
20585
4792
41326
36322
67521
81009
2817
86658
97717
72038
15091
22040
2844
35770
7237
89389
65188
54383
53347
8747
48219
25807
60638
80611
71114
40962
40269
57745
80030
28003
93128
26370
93851
78990
14407
41638
82146
79339
42407
37466
77395
94477
11236
99039
24989
80810
88696
37375
2962
21739
47683
91631
75831
53860
57776
13784
43723
99936
98946
39291
61133
40320
87362
5810
88917
47930
41042
75177
9445
49956
29780
771
75941
11947
62500
54845
67059
13271
88548
22821
56409
65215
42122
29921
26147
61131
19142
84186
45612
54119
51901
94808
3541
83841
23621
89578
73375
41192
35648
21943
14902
59660
96272
91396
96446
46817
20531
67991
67025
65044
87942
81574
72290
47732
32626
52862
61463
51932
38087
57794
50358
7644
70219
12298
63782
14023
21060
84125
76078
80089
77500
97375
31598
70319
84677
47547
29711
96417
54811
17525
42517
61058
31964
19971
63884
22510
84899
76632
72517
27992
26216
66726
29428
48993
47885
17096
65069
95338
83367
81648
42838
98357
88222
36854
54885
32246
28065
76972
32735
79396
24460
97801
77551
64750
20759
67042
31618
12426
95243
66962
70683
82372
58501
94934
33727
62276
77983
44598
84928
72226
56342
25389
57807
53118
19268
18899
6575
23902
31997
9145
60716
8665
3390
91617
97514
81860
71072
51756
14378
53134
12764
85662
9454
82310
14889
84057
96011
73739
69744
58814
46064
20889
31834
40685
13735
36164
89713
47438
79958
7589
35139
46816
89972
88658
64074
95790
40543
85484
80758
17654
38453
91712
46062
39198
13250
499
10468
68198
5292
15037
19828
71540
28932
5530
4530
31700
61021
70927
14633
73020
79774
69909
71869
88768
27362
5007
94754
64421
50657
14339
25471
46154
78333
85926
322
42145
81085
10985
7717
8957
52106
36581
10062
20904
75143
88661
61006
21433
71854
9170
98332
81583
43981
75575
14236
88864
83779
39767
1025
78499
55191
18471
80340
38023
99150
38419
53838
46501
28092
69115
48227
76045
63912
82359
85282
93440
66038
76848
50298
38556
62053
59645
72551
62001
79708
78901
78118
69855
56659
5491
52948
6396
80638
85540
6012
19062
897
34095
93103
45644
75958
65612
82223
81761
1085
45199
58476
62705
75887
70910
75637
17308
3053
14912
74072
48946
26618
61451
25949
24279
6514
73183
73069
67418
21402
80834
97679
4829
35679
30856
86564
46416
11489
25738
8063
62614
59116
86809
32153
4021
8887
39320
19713
36342
37238
32870
50670
9436
7815
64246
60925
67652
91428
22198
88347
91253
1061
50941
97878
28471
69606
97397
26963
37257
81308
11726
79411
690
15608
34634
43261
40975
32719
71783
1092
45342
62896
19229
89468
37602
51098
52421
21585
90539
31602
24110
47893
51855
45482
11519
98614
52727
88381
43058
26896
19247
91768
19802
12403
47617
63395
28737
90818
19760
14702
8814
19767
5436
10245
99142
4252
50528
73382
28975
1251
8581
52969
82310
86221
91499
40238
65387
41288
14413
98370
4032
46241
60314
81504
78211
73054
84545
21642
95710
27843
2621
32225
1608
96363
20650
4707
25754
61550
49794
56194
10140
34601
63342
24691
91134
25922
19649
71200
75704
29392
75950
12771
11411
58539
6325
15032
84667
33301
5898
13851
22828
81643
40399
45253
89114
93996
30670
19162
19104
72499
53306
22745
40913
43806
47069
58816
79220
75597
85381
85736
62626
57230
67264
11308
20822
41099
2598
93568
31576
68703
80155
19534
68877
35932
99831
12342
28546
29245
81362
99744
10227
92025
46765
39637
8861
41663
65792
28646
23709
32074
76174
68195
97848
81045
49856
45974
50821
50300
59602
85967
59071
75812
97549
68353
28260
10725
91541
9171
41093
26055
6382
80460
95090
52055
99217
32008
89877
35894
70788
67433
97979
40598
58384
27049
67637
61109
8462
7437
5573
99389
41563
74580
84716
16504
98353
59787
45180
23991
76404
53069
85634
10137
35138
38038
4079
82433
52731
73696
44447
48314
94039
90269
23535
25044
38823
13417
33559
71795
22117
99545
80264
34002
88978
71013
9323
90043
74673
38092
17633
80511
30297
60486
1298
34113
41681
48318
19581
22161
25101
3889
6885
7402
12969
53084
35853
66959
51153
40057
88778
90706
64263
66632
66167
52362
73200
4852
33533
47744
83173
14000
23603
57827
72623
37260
73990
28224
83811
70094
76283
10567
16309
94443
3030
25655
18537
77206
53736
71331
12872
50276
49649
63903
538
29346
73861
33846
48920
92629
3927
62151
80512
59225
87315
98834
40183
72028
53598
85397
96264
43087
37197
34878
4
17471
52087
56241
29910
15139
74354
89273
65293
63225
37317
36813
72530
86310
62594
40808
6744
85128
45434
36278
2559
93793
90245
59050
62297
59485
29902
20064
68768
54129
11542
45907
56864
32864
36195
82417
99207
31874
37493
15449
84568
78812
45380
93327
83830
16918
69014
71398
23092
30425
16270
45530
36611
67990
63366
89737
7324
29947
77072
53239
78626
33875
38383
97589
45243
40855
76143
14550
60266
38106
29132
45464
1505
27703
28478
84145
52925
70866
14971
84126
10625
16730
78761
44666
8262
94669
75131
70738
79388
94970
59979
29956
90850
47388
83465
31096
58445
17107
30718
39956
2257
99693
87346
18899
75574
17618
52972
13848
47148
19498
92057
80117
36230
10386
98026
31939
44229
88208
92415
73425
82730
57127
54808
85527
90981
46704
60046
8748
71247
48116
25847
72318
40255
87355
84229
98770
72885
34583
12976
86959
41814
13761
91775
87526
34802
72680
65654
61900
99041
5774
97029
16366
9814
77446
96852
24484
89031
25750
26133
2240
43310
20736
56342
1849
9425
59125
51371
35608
87859
19081
79660
75884
30640
72041
14296
13147
79687
42072
84074
18874
19541
98012
28244
56876
72257
38162
49060
86294
45573
58424
81162
12446
7980
93264
85544
78369
28135
75850
65895
52513
75719
39231
31497
5716
36222
24921
65133
70064
74014
23968
25298
38660
39332
3948
32940
91872
1968
11645
26895
87753
61105
91685
55254
46476
14400
23407
91841
15256
33708
99313
21183
15306
5096
34574
16702
39298
41529
49371
93035
45865
79052
15738
33930
77154
92033
16708
8463
71751
51399
80219
12515
63672
4701
43749
51092
54923
63680
49899
56676
3461
37795
44861
38391
18322
28406
29598
61006
69955
71005
22016
25389
14869
18202
92249
13440
9361
19683
60334
86997
67588
31522
7741
3620
45502
47608
86285
52014
22264
91935
77552
86755
78500
93264
27053
23917
96328
18255
23964
43762
71095
65666
81376
60200
36921
15323
18697
86039
38055
60438
97362
36930
41138
3985
60348
37137
61355
16968
50133
12873
55841
67010
58904
81375
71840
13921
20727
72029
59174
24015
54454
46562
113
62779
42423
72927
18802
58853
65512
47384
69915
20253
94503
58641
24840
97623
52256
94115
39381
62672
21099
38429
81482
47197
93803
53332
84636
34964
7737
5461
31473
93083
43752
18278
41479
31718
84608
1431
14040
43552
86351
67118
19976
18444
44426
45744
5514
8295
50460
83039
1501
44987
7243
18803
19198
40676
20153
32365
51108
26211
7945
24321
23942
63276
72994
8007
31552
15549
53418
81220
58990
22060
47897
51026
718
41486
45000
39471
83210
88702
53261
77929
18142
46689
23120
26758
36884
63547
27579
66243
41373
45342
74561
6801
640
58630
60951
1395
54923
55659
30242
79943
46815
45712
4885
98173
51175
86462
78019
34641
11288
54272
89179
63898
48663
87782
93878
72934
23142
57661
41950
7481
25983
12651
96931
83995
40627
45320
75078
69324
64474
62769
59390
81803
75081
37569
81606
29689
59966
82195
14830
70212
43742
4079
52335
76157
87123
35339
66266
95182
45419
86601
16251
75099
67266
41778
32116
77489
79079
97495
13098
43207
10112
24301
77540
11258
15423
63989
64103
1112
87826
95430
37436
89058
3094
51341
53220
86011
85214
51101
15714
36239
78564
71360
1769
60286
79020
20478
61733
83683
74011
33205
76879
10380
8949
87571
16189
15084
59596
70626
32798
96122
4014
57699
65707
15856
46948
36338
71753
99794
76423
40699
95425
12477
44837
21716
58289
5288
86891
92212
10687
90011
40048
94465
91194
52381
31087
85295
92222
12676
1078
7932
21252
72334
28933
15508
89996
74003
21488
71362
39256
89994
52768
50931
17120
98933
41176
30055
18707
84952
83722
24529
4191
69640
76427
62795
8486
70544
98499
49972
84220
7299
91315
35368
15193
63187
32682
41542
50558
60163
65530
16323
54530
10015
24626
58340
92269
97890
56123
15603
31658
45429
48528
13921
60395
99034
15480
8996
98901
17252
30248
56739
15424
51184
2487
83606
54773
93682
92810
6193
93517
55764
33133
82637
34943
62001
38577
73190
76560
96659
49466
69908
41588
65665
74594
91201
75370
87079
22043
10985
64548
92928
47627
4475
62349
43768
3185
85637
90596
77341
21184
63402
48412
25109
1715
91093
551
29103
46773
17616
44253
4013
60958
52877
54122
70910
16991
24275
55072
80529
62115
85147
23140
30314
79655
7664
11016
73641
98231
21879
48166
44607
40943
77535
93765
35215
91171
19586
84443
7185
16599
15293
67023
2159
7001
92244
48550
87588
76815
77389
64571
75942
43790
279
15930
7913
26986
70937
78844
26595
34523
76491
72134
21741
82414
71152
14318
82239
63513
9393
58590
38595
23955
82589
48425
76882
86539
74646
1015
32022
12890
90732
87787
66881
52749
44211
21550
14329
69543
33842
54190
98167
21403
81116
3454
2953
75557
14313
9473
27596
34866
47156
88033
66821
33653
99390
84141
72775
25001
32924
70058
34933
40355
68261
14524
47653
9129
82659
58952
94055
82678
64448
53836
98363
14526
39087
50064
61992
35762
38443
47483
34763
99143
95921
47560
64258
48491
490
56088
89134
16761
13924
55349
94807
62668
88258
75991
42191
94173
32151
32686
64450
92701
39301
2261
47702
7058
37870
84349
16597
79136
73244
26676
75825
64804
24189
98829
59147
19299
90973
26139
6406
37775
33544
92296
72450
87867
77034
63777
20097
98390
8988
99669
6088
50645
95639
42191
39907
44899
46714
79761
23668
92141
33682
52411
74931
11608
27755
91031
73118
86205
11508
86264
47837
41396
78504
25442
71684
40563
57767
90714
37181
81203
1909
15166
65097
90011
7807
89708
78468
41610
65524
8792
21724
53797
11159
93974
29133
38476
18975
64599
75545
79465
93132
77530
47737
53454
41685
64026
27817
68697
50858
66227
78249
86181
31706
20621
31148
35118
1267
55296
93171
98438
13653
13121
6862
48142
18308
63339
27685
40751
69048
41154
37094
67125
92975
97029
9928
4991
25999
61213
29000
79743
93705
64672
48961
39489
67133
28935
82313
12036
63451
70283
84134
15674
51043
68835
26015
2006
10084
63573
86945
36078
66503
65413
57497
49769
74713
87705
69617
54174
8773
33686
73103
77542
49226
11366
97759
70004
45354
34587
16410
85541
53613
56183
17060
67138
6334
83905
95634
17912
56471
83954
9993
72820
52611
25359
36400
93941
30078
10335
38761
46918
84264
99452
83139
79112
99849
94300
62848
58108
71807
28179
1834
23913
45714
44831
7379
77943
11518
54525
63503
88025
94763
91209
37588
25497
38412
61349
29667
24382
24948
59218
59972
133
86498
35046
6541
16963
20833
71055
4454
982
30939
45367
14381
1942
60538
21417
72399
91281
20796
67977
17160
88469
63020
76752
52006
40417
95270
93162
1794
79230
24308
37604
50447
11865
47413
5883
70516
42040
79252
48603
72417
49683
19935
77170
83129
80925
94906
49316
23382
13449
13457
68850
41114
65125
41784
5138
96510
26162
94462
47187
58159
62197
16154
90888
91093
61979
10168
25723
81066
67211
12000
6974
69541
10552
98584
96860
72704
76475
68767
74290
51978
64042
96563
11994
82358
90830
9065
58202
37555
72796
89504
95385
90900
70437
71970
22812
3493
93899
34697
90515
88218
88744
64063
62543
75616
38621
12069
57012
40067
72238
24192
8370
32158
34323
89485
447
39530
70110
65459
23744
47602
57009
45624
38444
67143
50531
13087
8969
39492
16047
36242
51829
9047
72531
78705
25772
10950
65632
4860
23411
22297
7420
8003
81586
40133
22647
93243
20867
55244
66816
77252
