29210
46823
6267
98098
91622
96527
65704
19877
446
29422
24976
25645
90648
31443
44836
20458
64460
6705
12341
24041
16121
39859
20510
79831
60479
217
2712
29230
72141
65982
58921
92475
27301
27033
26808
13981
48933
98755
24776
3693
72386
78186
20802
13264
40531
74702
13050
19357
7359
54368
606
64003
34093
96645
10836
3462
29522
27424
63363
60984
16478
79686
24983
88608
30453
28218
26245
11284
53592
20887
47665
30631
9496
52337
59131
63692
54993
28302
66175
87698
1453
73675
30438
3941
16825
73959
19852
32063
33225
94902
54585
1628
86481
29065
5349
23259
51447
95348
75829
98653
30161
72534
989
44324
6082
84422
25081
33926
48889
32725
67310
78539
47829
7592
78640
63664
64438
93289
81251
60026
65540
57361
35112
65644
8017
66348
85392
46880
33058
57458
58060
21032
28127
17791
42676
68475
8410
69150
40140
30702
31736
6148
74703
29478
45878
21294
52197
98334
90879
46358
6033
82118
10379
72257
16724
34944
41474
15107
75011
10473
97405
9445
83347
84567
36828
70556
24521
31301
5223
32683
15884
98761
4111
80361
55972
88757
83225
31707
34582
15558
16360
67854
97607
37052
1461
71550
29032
31499
73061
65670
95675
42502
46137
6993
9074
65727
70868
90853
70936
54618
59363
32226
76455
76576
72432
62155
76216
25514
47872
56620
31486
82585
37593
70268
84639
73439
3693
81362
45667
72438
25816
15905
96587
71585
53414
33749
73697
15745
24746
18196
69348
15465
11214
65772
83100
44340
7161
8910
29689
3523
71844
51254
57943
23389
18121
76001
30297
4760
63049
19491
98288
61213
86283
34322
93018
67800
34354
75417
92644
91105
44959
12378
93647
78393
4697
36964
23178
5584
40613
71714
54607
99826
641
49224
18403
39214
92381
40026
38539
7303
99307
2955
90134
97302
53849
25237
50974
39179
71352
47959
29265
33167
94068
48512
80430
71821
61057
76123
77519
788
42628
64508
90677
1425
92406
43255
56438
37366
92307
63584
14296
97041
73494
81661
53657
31610
17944
65881
114
79700
69188
69839
97313
99884
29183
8088
92159
32178
21838
12229
98490
39823
60071
92249
37651
48112
21536
35526
18767
62728
72455
56071
68162
75530
88945
8754
39644
71394
20015
9336
23129
49308
80827
39301
28532
96943
69506
58475
11131
20475
83650
60001
6029
63696
92022
12418
82058
64948
84954
94609
78197
81683
77486
95956
58379
98835
62158
38222
22101
3438
97431
61025
49281
18947
36172
7995
86058
75189
99408
65143
10039
45533
71566
28421
65706
21265
67561
93968
54330
30326
14085
35479
59846
30560
90515
52395
47620
60327
21866
44935
2064
70225
43425
59959
71781
1236
64002
88640
78971
30926
10793
97445
91024
83328
21228
5019
40517
1086
24721
42862
80633
92470
1426
87293
19804
52017
75230
98984
97144
31349
68661
79943
59925
69677
27867
87767
37524
26451
30749
84325
20917
30133
66942
76403
36133
20430
55357
69625
50298
3713
90422
58698
52207
58457
79473
77579
97769
46283
21868
10648
51555
4722
97917
12772
28196
27094
13322
38782
25003
79474
10499
95176
5017
62924
9285
55056
2338
33003
8101
95740
40488
73584
74593
61117
81401
95358
87344
55354
58069
53419
57560
36787
59946
78326
3725
42485
21584
84899
84967
85818
45292
59788
4800
60264
48384
10387
47535
94574
50906
26938
86455
78460
7655
32465
76936
82107
27779
71806
55387
24344
49756
60697
80658
69117
65579
59135
26129
67778
35501
769
1762
75024
25166
30612
28911
69121
42588
19791
43133
75822
43681
69907
79393
32234
42152
35916
12478
72915
33802
85454
87562
40300
34899
35067
13109
41246
46446
29874
78315
12478
18284
56841
55263
73995
48748
59511
11553
39320
46273
20734
45119
81034
95997
21098
67753
44811
17791
78692
10759
21578
49636
45762
78508
22033
15842
94025
26613
57384
36786
90205
95100
87260
11734
63889
62263
60741
66452
88264
54716
53915
22697
87923
26826
37050
60982
62313
22155
37523
74567
42241
43662
7832
6983
92095
26124
64387
12854
90960
33136
70205
89439
52258
38425
91678
90437
88701
48207
57792
20269
45051
23525
61615
49541
67630
63112
58765
58085
81620
3661
17183
69453
63502
72226
84156
31878
70766
75077
83386
28694
98343
30662
24482
12877
48697
57822
20092
56462
96831
73293
95724
96158
63334
66879
86298
45125
25406
28505
73855
97588
53469
92100
52441
41253
33309
71179
61358
13176
57187
86840
26843
78945
6375
87867
87141
11237
48646
4377
42769
15127
63430
13174
70310
36830
73357
79126
31056
44793
28130
69926
13628
97978
13356
48910
51636
21978
23098
82398
2356
98328
27773
2480
12761
46696
93050
9500
24612
64457
21790
37055
58186
42975
6572
35774
96760
73576
14031
97183
56713
78050
5920
24822
56227
1851
87877
92008
8230
28290
83931
56225
36985
58529
97570
25915
49422
81715
55621
67079
44504
505
55608
91115
10
26544
22552
5584
36023
52449
29225
54171
53098
61110
87963
317
32527
96237
62086
32243
35829
14576
25417
80151
21079
55474
78694
25792
23698
62899
24258
32919
97257
28516
1
82823
11160
89928
85084
350
48187
12929
59623
38146
72503
49543
88190
59480
58227
55563
67712
24026
60363
30824
18438
8889
84472
89476
7104
40686
16950
61861
20868
50859
46493
96320
98336
47988
95156
73773
41419
54453
46357
54000
40800
63916
23738
76958
50039
75275
86928
55940
77614
45603
4864
36440
54325
14277
74506
34065
99380
99923
70226
43688
88180
44300
52099
47614
65423
49486
5211
97431
73457
12242
89482
96486
63184
88051
3803
8197
79763
70400
70130
46905
75864
49000
62856
14528
44070
69848
80742
43949
40725
49649
82015
56259
11968
33113
34882
54518
645
1409
79612
32144
65627
62587
98891
94865
97907
57912
21228
30336
59311
26537
98518
68581
63519
28736
70380
18845
43915
68781
23512
37890
36270
55081
94682
6659
83452
62744
36809
19009
63931
53469
20149
55141
85120
29381
77512
9618
4696
59484
81942
63390
3478
95249
72269
92084
9791
489
90596
45943
68775
4638
34015
9052
12324
39293
95399
65118
68855
49657
93913
7821
87760
51087
96845
38353
22091
85807
18729
29755
2181
45372
32614
84092
93509
65550
98870
94736
57195
64211
19576
26316
18015
54069
22296
63495
81166
69667
44487
83882
2707
20650
52968
2601
83445
1634
93664
75499
78867
62217
85907
18006
8118
69564
6341
75426
7956
46794
50276
88733
81921
35517
24292
79560
38654
29391
65031
48505
13906
62405
28306
33474
68773
80130
51189
85374
31913
53413
58846
59223
93650
24134
18535
2843
99535
66573
64294
14404
93072
32151
39071
27414
18612
89350
89404
72589
49291
62293
92542
65146
25561
41425
83051
63024
51466
89170
41494
16128
90509
912
43608
33710
17424
60014
1617
57650
34774
24283
5710
14005
34301
91307
14061
2411
8627
27460
88402
88920
10514
98161
78003
19616
84754
72628
640
31139
75514
85635
46659
35797
90230
82240
65974
8492
16651
92926
44888
86554
74168
51120
15005
62811
56570
98787
70416
19450
58886
3647
73978
82831
66588
9228
45743
14921
93831
46213
6191
3375
29647
38046
20945
47380
5522
21246
330
24568
42958
97704
60034
16191
27093
8158
73197
67207
14352
37053
2196
53979
95548
98963
36980
92297
622
67114
20832
54097
31148
64793
18603
65393
72962
49346
74244
1388
47152
57629
61422
99248
53989
97868
82260
86127
22158
23604
67651
13426
38483
78364
30878
27032
55364
85208
5608
78963
35012
59133
66211
38228
94710
17296
12614
72705
67751
11714
25323
3082
97189
25284
74682
12742
22189
92220
29828
19368
11034
82740
78466
64450
9194
84683
14785
52962
38712
61154
11956
85130
15821
85060
28291
92948
85770
66732
67287
75226
56574
21543
45017
76710
81980
37280
69278
68763
64428
34730
76241
12724
21067
20376
49612
92525
20792
17657
10263
19200
72877
92090
84955
99416
66812
98484
92348
118
89575
751
71134
33917
69415
24028
23099
53665
25576
21872
75412
17519
56550
68187
90935
79401
79884
85452
58389
38090
27297
7320
70697
30236
41413
57330
47154
18762
92149
10098
39097
77593
59170
19699
11322
5246
12228
46534
92268
22548
78056
59069
27449
90515
58339
28959
65347
96327
99800
23755
82010
11145
34660
59348
69802
60877
83712
48745
42100
92663
14880
1294
62874
58669
51813
57824
2726
34913
7484
6850
73554
1778
32930
92530
93165
24803
15836
26954
86922
95914
63270
70636
83855
26505
43701
41210
61440
36835
58851
28578
36055
80404
63704
73276
10857
67911
34378
93100
78044
54874
84069
6430
21388
3911
88558
38716
98164
82204
37854
33218
62992
36845
35362
98445
13595
37809
89073
81514
91114
85949
99400
32861
7193
33546
46260
41796
9677
97349
71218
75939
97908
36640
36926
5458
56325
85395
73508
36297
26980
13483
65906
26636
54684
60286
97923
72236
10409
9091
71086
25357
8451
53253
44957
82072
56366
44758
99331
14953
24004
23061
20426
38720
11068
2447
23948
69167
50776
72794
6186
80638
44763
41219
32665
30177
2943
18787
19869
74462
45822
52672
35635
38660
36890
88673
56625
29145
90504
16227
35895
47436
22531
92926
94440
99355
47434
10493
14889
47208
20966
39930
85385
52025
8637
25160
51898
12124
58102
71188
63872
43
59183
64236
1569
14507
37707
61666
10249
13419
51413
84380
58841
70512
87126
48192
3197
16333
74377
96896
65718
52564
65663
72370
50437
28228
41753
87473
88309
29797
17445
11030
79936
9325
58072
29412
41494
23547
27490
30756
62634
47811
77453
95871
3609
50878
79178
67051
21189
31749
98081
10451
13484
19687
46273
34963
73453
6199
55134
3785
77955
85380
54286
92374
68382
78458
57237
19003
97734
6790
89786
26707
57632
43727
45422
60278
10444
65921
55195
11206
97865
65193
97647
86216
22509
65007
466
89677
95691
35304
60251
23242
65547
7254
67584
84458
77711
65838
52599
73957
63763
81307
88112
63012
36466
68345
46811
26054
61903
6788
39308
18260
63225
9672
30310
14175
46525
97544
72088
50072
24229
34501
8836
44031
5177
18135
31802
26221
67737
21406
37734
29238
40435
42428
11903
68373
79038
10967
9293
83975
1753
41495
52117
2823
65364
64975
20205
15137
82809
82645
19577
83979
94773
34412
1125
39850
83587
2161
90534
13609
77966
68219
9061
81125
83059
12128
88489
96666
63098
9329
51359
78354
19011
43711
85526
43336
93108
67685
12983
77934
42111
25533
26804
57249
75798
71185
94314
35869
28651
23078
32350
90357
65565
28902
95252
62914
2989
63161
69894
22570
75399
36769
9994
611
35135
87128
30090
46618
95702
92918
21097
62862
28334
29177
31921
44473
59046
4385
87149
22043
81971
14529
75582
79324
56827
67877
19220
92926
3297
445
43478
19243
44057
62892
57847
63354
26523
37897
44263
98815
72226
39382
18674
83739
56288
31953
41649
71202
18221
9484
55549
68313
28741
15367
89916
98052
83517
86294
7939
78651
88948
581
70042
71112
10775
37913
35983
30159
55535
85606
56458
15748
622
62832
46863
49171
54006
92733
38905
85871
66594
31457
86776
73171
91874
24147
88626
40309
6010
28119
2556
165
61285
68375
6510
14958
64187
25318
68575
47067
51453
14442
66743
58508
17490
39660
17787
8559
58524
67620
4070
62575
97610
19837
18492
33983
18751
22882
104
54857
58928
71815
43213
57872
55128
28468
56905
93515
9011
99876
95627
39803
17822
17742
41311
47017
94532
85315
93672
89130
79342
92032
46166
52712
75891
94702
72257
12941
97146
27157
55693
26608
34421
11293
66164
72718
51253
52515
44948
93134
22153
56929
99109
15013
56670
42814
97617
6953
69238
35972
80595
33394
29725
17419
70403
62910
15315
61465
50696
22898
6015
4886
8628
99167
82020
61654
99964
79694
4450
96595
27289
53942
28051
86563
28787
13102
77106
19479
57205
96523
52637
88638
9345
53570
80471
95467
76836
99511
93058
20538
71171
20781
90521
978
7069
37190
81317
51379
57787
93042
40143
17657
726
9062
45986
7422
26969
44976
2429
65541
14325
30417
5058
7245
70812
51711
29769
22728
83398
94511
14322
2619
73084
49087
54878
68230
34636
47090
676
15673
55670
30014
59682
31048
85413
36384
23453
48464
70523
30367
77893
28653
86408
141
32037
83094
50915
92795
52328
95202
86072
22420
77523
76263
35201
31226
80417
79524
72625
70638
73379
28444
45579
13830
44451
53263
47452
19746
74741
18484
18052
97598
92777
45433
95305
89446
51352
15322
76643
28008
3114
18523
14344
8584
17587
89258
70014
62305
68786
8016
16301
7697
61097
73742
44844
8621
63292
87869
33164
90104
24470
86926
53798
26898
43204
16540
27661
60284
21010
36666
58703
96316
17544
97188
31857
75879
57448
9710
74207
21370
19284
81479
86974
24744
21247
14034
79750
88794
23636
72856
6963
18599
41815
18522
45459
27839
86195
71118
6436
54850
97888
35324
15621
56598
75788
52667
23591
72424
87851
82760
19570
91026
62545
41097
41171
33869
5978
69462
90369
51917
21408
52661
90891
17898
15484
99060
4043
32935
38842
18208
53479
70072
32133
542
22028
71992
99864
86577
82271
17544
1829
37797
56931
76876
36298
11028
3000
28726
43819
35784
54593
87917
41341
84756
28727
14982
63019
51851
10030
11570
22379
38200
66944
813
50654
51045
94350
79046
12140
61700
46961
13360
5202
67496
28241
18282
83395
61653
30959
53992
52465
36877
70124
760
52276
99007
16014
25342
50009
67042
29517
6688
53626
14705
50881
72100
62026
95669
4834
25317
89532
39063
35821
29925
32002
64774
31678
34092
14290
38598
37158
21365
57473
27821
45262
25202
29981
73515
53476
54361
65235
15960
93224
94349
25438
28577
82505
26511
94063
85954
92401
98002
12025
33349
91198
63307
31149
48813
60941
15483
87329
90796
38400
42090
70025
33071
93817
86795
51889
13780
98378
95798
18004
65514
72747
27343
97346
71902
62730
25882
24706
68861
10748
12991
8898
38128
49301
2006
87026
8288
77756
14500
42521
91061
16749
84381
90555
12695
16828
69991
25011
60231
27480
83996
73590
36240
56915
28010
5950
75777
54143
43162
48119
18694
28180
32907
38493
25943
72009
16199
31406
24246
57094
97184
9925
76418
64813
6711
19703
46052
26487
49217
83997
47522
71302
1597
93819
33082
39270
50634
62380
43682
87443
7183
61147
39130
40359
7044
26431
40774
17752
45103
46091
96740
50965
62953
32874
48643
96951
98870
22365
89529
30529
20897
32213
8931
21916
82358
71589
24816
88036
99152
73359
91124
67353
37004
7064
78395
11749
95039
48188
30693
31212
45389
92305
17696
15155
84539
87518
62878
73706
63751
70953
3869
94609
18164
71893
65314
59362
93423
62931
38314
13
92706
16200
22989
69071
99715
33386
66530
64537
84930
70944
12347
64324
16823
93495
45136
19872
30025
6670
21030
67172
92382
43457
38217
52932
30625
81337
77390
49599
78666
42408
12463
95557
49372
50614
37216
11905
97852
46999
60854
9427
19870
19680
61822
93334
73672
37520
34800
6882
17198
900
4549
22523
32933
93202
51874
37433
57208
87611
13605
64256
81031
28488
49760
40489
75387
43575
79987
71884
47916
21082
64884
79136
39254
41504
96352
87676
94675
44796
36582
2496
11385
86422
58401
78622
93649
65607
63358
50189
35839
99829
33814
655
80107
71898
4651
77763
35858
5596
48047
55009
10038
84284
27705
25551
25845
62011
45705
28873
72941
24809
20922
51039
32841
69418
141
30029
62481
76704
11416
45185
71182
58631
9238
84821
18835
10046
35154
56910
68712
98002
44499
56514
78288
33672
31205
70799
93747
75283
23764
74386
55894
57762
86817
55231
37292
71742
88842
12703
19408
57034
56035
82840
4313
45894
66680
82549
26793
88661
41177
89095
78534
17548
68352
86697
5294
83982
98896
37371
94519
28940
92300
98229
41150
87593
14661
10958
49216
65311
91280
70133
79804
44682
84481
19933
63217
48600
96081
19365
48403
1572
61495
5284
5581
42860
48590
58673
51869
81588
78997
82181
23531
49143
51152
41555
51394
65764
60678
46261
11507
38414
44309
24782
17181
66009
99856
10107
23479
23248
56644
93672
74310
54945
73643
30652
50846
81990
56853
52975
43118
62089
29214
93162
33397
87195
56544
51315
88438
84399
17340
96537
57869
93044
41502
38402
34828
5194
11587
36357
13351
62761
47978
61460
52017
68928
14051
22149
58708
39105
78132
32976
15148
39169
34485
51614
34271
84532
24080
68543
79104
88275
33630
44813
79893
34981
52537
79103
27662
30101
39951
89529
64098
36860
97486
38490
86322
57332
22189
84095
39346
91226
67626
78927
73295
86523
21008
23444
56369
74209
47805
24555
59662
77883
85722
59873
15304
2564
3037
17069
94911
61291
53116
84066
98017
29280
1751
1339
71020
30188
27274
61247
59411
19098
17471
67051
8049
55078
76129
76265
53997
19490
94177
31418
86789
60931
62311
22245
18851
86002
84676
54943
57929
80104
53036
97486
82185
57982
21958
84848
70333
78029
98003
93338
92213
71031
28816
45964
93085
13270
2881
9733
15477
91229
4912
26859
2086
22893
91418
72195
66658
73630
5669
73837
28912
70944
65973
47372
30421
19555
18786
62838
26904
72781
28365
56817
53914
67928
50031
68186
61478
69039
70478
28220
59509
99088
22306
6701
71266
89995
6989
52865
72078
43066
71594
13916
69382
93702
39031
56120
39175
55620
67221
52831
18020
51821
39577
81106
4247
56564
68778
92291
98468
15778
54693
19247
92693
69173
89964
76022
25528
48133
2869
20436
62934
96101
40491
62053
84041
36975
31653
56454
18153
59664
56172
31478
69835
67481
92890
16098
74145
63806
48926
7748
39475
4460
50863
6436
63223
3655
3367
18890
7044
84926
32879
4403
57458
33486
42369
79199
62639
77473
14137
60754
59163
571
97122
64537
58598
47709
68410
23270
83399
40778
56850
67959
91981
83633
14614
77055
55664
96005
76911
37227
13281
31906
98731
11961
23541
51464
86369
26021
30209
50127
71636
59300
2145
81307
22512
24437
19039
45231
34946
5180
8916
44837
65263
83962
22380
98368
50151
77911
49204
80578
67668
95161
47711
95914
76088
62615
50626
20586
82089
61573
26849
27356
61250
18148
46406
93703
17737
35745
9838
63496
70207
57167
40944
3845
71313
25562
32535
73755
39395
50296
96031
72630
31657
32379
34579
42025
71880
51694
94772
36765
59739
14876
51967
49570
18512
71273
69780
73861
22331
26703
85958
24729
64166
5854
27800
47342
21300
11558
17634
82119
46290
87225
39368
71978
44979
22803
33023
29435
49436
85983
3434
66249
91890
27235
10852
57567
1922
25177
96539
55552
64798
96593
10412
57790
97979
82289
2238
88214
40381
29994
24958
12286
74403
48565
16397
41582
97689
19262
34737
59228
1103
84811
55408
59134
86330
28430
14083
74986
13817
31632
27120
56564
66907
22316
90965
39800
47269
27205
35200
15191
98056
1722
37558
91433
46687
52847
57674
21824
86941
1175
53256
68105
28456
97174
85232
30334
66705
84190
92612
53723
27908
70350
17039
8739
46898
94953
23618
70885
76897
7681
4447
4113
27512
59153
61187
51174
64217
18249
92672
59450
18869
88569
56957
94037
3258
21915
29686
53686
70301
89048
56783
89982
19870
2561
95576
30452
34468
73725
43744
64258
21598
81387
5155
9967
87842
51957
43438
60116
81038
28374
39389
47353
33006
42251
93338
5829
73358
54188
58024
38443
64041
89430
60414
24906
88669
23756
42539
25330
38208
65982
75534
67442
86106
69152
2433
54893
56719
40813
20003
77727
20122
32029
67300
4002
6744
71801
777
15837
77287
22620
62564
71197
87936
68447
19509
51203
31331
10316
31353
81705
17781
39217
37708
57812
85594
92340
71719
80086
64622
91302
32006
40542
91738
39272
74588
50498
42440
74703
63211
8843
864
54094
25772
25212
53901
32720
15018
64324
219
13006
60321
72174
8172
73396
58123
55078
25747
56733
13600
52052
10319
65588
33684
5850
29700
88681
92299
11248
92112
92094
2130
32048
61614
18038
38484
74202
41188
84945
19405
53529
36373
68834
67604
15710
29394
90460
89161
68101
34665
55034
85901
84709
9407
92282
19391
33236
14868
29767
17401
23003
69048
27682
2972
20160
16159
19255
11796
76607
47521
26394
16916
83592
41382
15666
57698
63032
2610
91792
91719
83926
22558
95479
90557
61568
90516
394
72058
56223
14804
64082
53022
69858
98750
57184
79412
22151
7697
12389
66264
22471
61367
58886
97462
23072
63158
40521
75717
8441
28178
49444
56363
14209
50594
39984
8737
63481
62952
86589
73535
96886
94840
14489
29544
39782
74810
57916
12006
46999
2499
98112
41006
10918
14146
70879
68067
60956
79639
47753
73815
7181
3432
54087
88893
25936
40008
99173
90581
52660
53730
41551
26468
28589
96463
87855
17209
33513
56517
80427
98444
92387
63484
65173
43763
63092
68681
13914
14091
53439
18749
1004
24673
5036
69927
37863
12428
34614
35403
19641
23635
96343
90910
36841
55552
30767
9975
9947
12446
12883
7029
76704
16318
23017
85089
79560
9775
80085
41082
83112
81069
42800
13738
74657
63605
66654
86716
10322
40676
81160
26955
19846
64376
14345
99317
74405
19738
84493
66678
60996
5817
98697
31608
87746
64070
47325
1271
15299
14196
16578
72445
37657
67658
98737
34848
11258
13559
75017
40239
17478
29325
2550
50635
8424
86567
37586
41171
82965
49476
54534
61920
47239
61406
81894
43218
86305
38409
67687
15305
27361
95874
75675
45664
73229
53722
92986
2320
75468
41108
4033
39473
23052
37155
35170
32522
86490
71034
33482
17568
41567
71784
86450
88015
44152
27166
41867
36452
76277
32367
62464
84799
78048
14363
94701
5875
43695
85571
24520
4309
66583
36601
51134
67777
56609
49063
65063
63124
65059
21594
81183
7119
69822
55405
35959
38490
1184
64033
29083
45849
56138
94246
38765
542
9755
54111
23381
26817
80678
73019
16293
12164
5659
67976
5812
53747
34531
29119
1827
35758
44183
18496
7370
66848
54653
34579
76406
42233
84563
65022
49501
31022
12011
34928
59468
29242
82709
38923
6026
20971
90764
33866
50382
71328
72549
46311
6701
39711
39199
27966
93263
87333
87942
75583
83301
27514
96007
36241
32800
96021
1340
4053
10605
18465
70503
18516
14093
4029
3541
77121
11042
94225
63577
55129
15109
43275
67576
11564
25422
34388
36119
45840
74630
53458
99444
46761
74155
15029
28019
39691
59407
88385
15145
13000
78407
4427
16416
90158
28132
20008
92578
80890
94597
63909
17967
47456
75371
43354
45717
95388
71481
45586
19888
39711
85563
18654
25312
34432
60457
37682
72864
35188
79676
93079
28023
45367
46649
51876
14117
15450
44530
13506
7395
96094
59396
64194
8361
50943
96105
90943
68055
17428
53841
73615
66059
64009
42194
63752
18947
61606
72588
95937
32534
15584
97493
94603
9058
53205
94320
78821
45419
77941
59440
36972
23966
92085
46141
89823
13480
56752
29151
73773
84749
99488
97810
90505
14456
41148
58413
2810
42851
89601
91361
81562
53248
70639
72084
65896
69125
79203
3387
66590
48332
72
64211
68180
89784
88764
26777
38014
42006
84545
90310
30144
8134
24687
43999
65801
3022
98522
7024
7956
37058
16890
29405
98165
61936
55144
313
16057
95746
78990
57480
72152
4403
8108
34564
45820
83942
41953
76538
98699
74960
76931
90847
2929
22134
33475
39104
45587
17856
2564
86305
42564
46502
29065
97159
55522
68350
98377
75153
49681
59247
58498
25368
71184
62794
61542
43532
58870
63999
72594
79795
18708
78354
19293
69065
3412
79422
26026
87560
88564
61890
96322
19719
25297
33104
41729
81758
54390
89627
41421
87012
77119
58669
5289
98653
17592
64166
93684
54031
6273
84579
96663
63821
22584
20861
88792
18131
14125
14564
89481
98017
20274
23939
6485
10480
18775
82999
61118
45708
89511
45377
75133
47703
89266
10568
1155
46091
55370
1769
66795
63005
16296
62380
72660
77120
74822
58082
72421
28615
33055
32814
40859
35327
24564
90584
79029
3037
91949
77476
34883
58994
36838
13956
83421
59010
13120
46733
83528
60375
80476
38130
12542
10235
50719
57023
30026
27132
71104
39062
39634
25611
30705
38379
15039
76027
54723
98694
27901
76689
43388
68631
40645
51496
84949
40952
49300
41651
46892
87091
91296
27617
58377
53923
79021
45188
19284
8507
47698
13904
13183
24100
82396
97948
6780
47405
50917
97360
59633
70349
67410
83959
24623
43674
36867
12385
18207
19767
37225
29030
14792
86469
91595
61537
43689
29268
28133
84493
52054
69914
14626
56772
81287
13467
51665
11115
58292
50166
59070
77550
67020
64013
23371
59034
7513
38404
20334
49453
16431
95678
76771
87475
59908
48173
74488
51815
75343
10488
26053
27922
75015
93886
5103
87943
48232
30691
54906
42382
44323
51572
38889
96726
57618
82081
2883
60939
76206
32633
49502
57715
40300
5545
40210
95000
72458
72832
20443
49736
73606
70198
74296
97945
50398
90954
42009
96038
26624
3546
92021
76195
20711
63733
37583
8260
75801
88823
75436
21467
94905
83424
2719
17955
78711
88874
23099
89230
57464
36790
10453
75076
47772
73142
89689
56363
89125
19510
23611
96009
51282
55240
14145
46561
12648
65639
74271
31627
29478
48805
82207
27830
78251
66844
12961
98243
71134
11568
20685
40564
66682
80741
52807
99221
42679
49117
36398
54003
62579
82692
3963
25171
23470
7280
47115
70098
48133
24770
94300
31242
22326
79536
37381
66476
72922
5275
84867
7126
83594
59537
4860
22788
76584
30213
34145
10129
13913
72929
50674
69431
99890
60761
50344
43673
46720
33523
70308
99030
13961
25813
65969
50914
73124
68430
9064
99347
42980
2332
9476
46008
46045
47327
43081
73870
66975
15602
15751
23858
70102
97530
39347
71505
52483
92461
27236
83686
87508
38612
73288
34470
39151
28129
86036
24169
45944
61766
90162
12101
5809
77435
14398
40798
58484
68992
14040
2848
2822
30599
30240
45771
10387
36048
38669
95644
1465
95749
60000
59222
45387
2318
95629
50859
18424
5241
23654
73860
904
35131
47403
78355
39867
61857
64291
65375
88861
89545
20888
90907
27272
47144
32143
9058
20898
20983
48386
14449
29778
83891
54999
82067
34644
44568
86930
73466
38648
83177
36315
82205
32184
63403
2123
59845
82596
38892
55340
93236
62392
72734
51831
17522
88013
48258
94849
5055
15768
43622
5216
18359
27294
96418
83613
56420
80690
50105
42570
36415
49519
10354
35359
85941
76631
50798
35355
86676
24241
14093
12514
14169
38870
43782
63589
67486
18231
60744
63258
72067
77371
65529
14230
36774
37972
64605
92016
36069
23338
76586
11321
58064
88430
32979
89333
9790
78256
58531
28422
48599
87354
64393
84053
79027
42837
4851
35762
35909
28960
49535
81709
73390
24131
72033
56465
55364
39740
50347
65283
6622
25066
30226
78297
1238
6141
5310
3826
63885
22872
18813
43094
79488
31611
55550
10920
63990
74102
31961
81569
66259
50112
81658
99159
96876
20112
45910
38814
93785
66194
63716
59433
81302
60260
88345
29133
68112
54629
47134
83538
61429
93479
11958
64704
65028
96960
33353
58114
4608
2125
9187
10308
58234
4841
49363
13017
10425
90665
32764
75507
3824
90759
80294
51062
40838
61235
11147
12556
70346
75981
94410
3589
29191
75932
18860
37261
24988
85048
21062
45992
53
87079
36561
7060
37777
72976
98319
57900
79641
59002
42983
94811
79319
11988
33746
180
88791
68762
77357
79053
70181
25125
73952
1437
13096
1861
85197
81060
51906
96960
44676
40277
90764
90272
16689
84686
72964
12628
8117
76540
41005
62923
44266
63880
36110
18383
62159
95239
56236
72387
8089
32711
26135
95388
76081
16538
45051
91572
58419
15727
16213
33440
8359
52455
13097
4471
39591
18247
83808
38188
31739
65723
44221
46150
6527
68591
10183
9111
69424
2667
44305
40942
91722
17173
24753
669
72590
28898
49605
12296
70307
98590
5600
80736
41293
15631
41470
40188
64959
81607
44073
8597
99241
68188
97098
84655
17954
96280
54258
48657
45421
10121
13626
82412
25096
86598
44855
5119
29744
87872
71102
44616
87046
58050
40099
7161
76545
77358
52586
22470
70771
70842
61242
64674
67847
71853
80093
6975
45643
71087
87631
19207
62059
85430
44616
85020
97609
77799
88197
48953
24652
48151
10514
48428
44997
22477
23542
73853
75124
25363
94481
25709
26824
98972
57431
65285
36938
30502
16189
44297
2513
11967
48842
80610
95970
70438
25858
70200
88136
91985
38120
51054
13353
4993
22212
6869
69667
21092
96447
99029
2001
1305
27702
31363
77073
26413
52170
14311
64340
72768
45375
69575
56350
13310
27291
78049
91981
71987
8461
25290
49381
19004
2645
74151
88512
84139
27128
90492
85201
70370
14769
20978
70765
38929
34982
51464
2458
61983
65909
26046
17109
80993
32201
23597
43883
46160
56381
18487
56266
10542
65351
74950
58590
63555
62865
51189
95781
60139
30592
57731
73028
95856
43716
43645
15441
41929
93137
69224
93639
52631
8189
86145
299
67261
8381
92856
56234
37501
55958
53297
37433
16705
38487
84253
946
26205
2258
55846
75202
58089
49631
98050
42749
74790
85697
61216
55247
72464
79242
35739
33261
21619
76012
52891
58824
51643
60298
43060
53764
30183
58887
5577
19524
39311
18498
54799
26645
51234
2587
33355
34382
9883
27603
36322
51686
30429
28770
25119
22425
89367
87651
10141
38876
18907
50989
1911
97113
96161
19707
84113
22886
99730
66680
50803
16573
21367
36277
76737
80640
93389
23093
33463
68708
46406
99580
52453
47962
97814
1756
19609
63761
75654
10565
99094
86793
38074
81478
8801
79243
59033
86439
80183
25973
11774
67581
89466
20720
63462
48632
34585
17524
45495
31998
22557
21519
69172
50505
50071
38551
93360
87479
30774
60781
51746
5777
7414
1619
31273
35820
15608
51184
1980
3345
34306
87734
93255
72732
59078
2800
27074
38917
88272
40248
52622
4907
81738
31371
3656
78647
57030
73986
63215
12737
73498
82954
3007
85696
96194
41757
36867
72846
68536
83260
51630
95869
37279
21813
39647
34747
60346
19348
82937
47443
17601
76592
37484
90782
97809
8689
68302
21209
44001
22505
16060
34262
52150
16046
40189
954
2660
94742
38769
47102
81298
15406
66190
6345
15018
27034
12625
81197
5465
80651
27143
55206
34984
37878
57000
62812
56076
85533
81011
26990
69457
6532
3526
57947
21820
6879
41873
37700
72456
46704
85408
32600
48759
56289
27363
10218
59602
29584
29808
57864
84951
44345
97721
40172
20545
26414
69402
92371
59
23813
23872
13495
68842
58796
94095
61419
55879
39640
57583
13231
29541
98603
62095
46953
31034
38580
29100
44069
29218
88902
10184
18007
35720
91964
88243
98250
82164
23065
51276
1822
24508
19755
23539
23546
76908
56296
84604
6102
17746
12725
87856
69884
2138
80948
44714
48279
55513
88091
13910
73722
79972
70739
28463
99840
66181
45600
17187
8081
86449
87942
43070
1579
14600
28273
4208
61931
81078
674
49120
41353
61463
91996
29306
45484
58649
2741
45080
99786
41765
86992
65462
74432
15903
50732
60015
26474
42531
61781
69088
60179
95586
92062
74009
25760
53455
20231
45624
5794
42870
96379
92443
27529
35948
25192
32557
79901
27724
81373
49453
62103
30792
68839
88817
82155
37202
54023
904
18707
76110
44156
61421
21245
96094
42179
57971
93837
62157
84092
60501
32178
32916
67888
13582
57884
97318
3804
442
79900
57151
8386
69275
25447
1634
71753
10645
3177
90583
31070
46201
94595
60601
94108
82792
71150
4000
72426
25167
82744
24820
98860
1278
69803
29194
53810
24303
11296
98366
29924
57120
99900
57691
97339
33372
76868
46096
23051
39986
40456
95749
25357
58091
65715
24681
43748
67682
44427
36758
68031
71009
8498
34062
11134
99632
13987
82907
73825
10091
48004
35251
32034
47109
3063
17240
92563
73802
77992
63628
1084
86579
48432
35975
85606
17198
73686
8269
47761
86205
38854
51532
66321
7620
16191
35767
65534
54029
88044
72068
29492
44345
57084
34920
64969
10630
40660
83245
99481
41721
14807
53516
63248
17694
26192
65
24440
20904
73281
16533
52479
12665
92070
76836
65123
99317
42531
57483
69077
49425
5961
95705
85277
39983
54801
