29210
46823
6267
98098
91622
96527
65704
19877
446
29422
24976
25645
90648
31443
44836
20458
64460
6705
12341
24041
16121
39859
20510
79831
60479
217
2712
29230
72141
65982
58921
92475
27301
27033
26808
13981
48933
98755
24776
3693
72386
78186
20802
13264
40531
74702
13050
19357
7359
54368
606
64003
34093
96645
10836
3462
29522
27424
63363
60984
16478
79686
24983
88608
30453
28218
26245
11284
53592
20887
47665
30631
9496
52337
59131
63692
54993
28302
66175
87698
1453
73675
30438
3941
16825
73959
19852
32063
33225
94902
54585
1628
86481
29065
5349
23259
51447
95348
75829
98653
30161
72534
989
44324
6082
84422
25081
33926
48889
32725
67310
78539
47829
7592
78640
63664
64438
93289
81251
60026
65540
57361
35112
65644
8017
66348
85392
46880
33058
57458
58060
21032
28127
17791
42676
68475
8410
69150
40140
30702
31736
6148
74703
29478
45878
21294
52197
98334
90879
46358
6033
82118
10379
72257
16724
34944
41474
15107
75011
10473
97405
9445
83347
84567
36828
70556
24521
31301
5223
32683
15884
98761
4111
80361
55972
88757
83225
31707
34582
15558
16360
67854
97607
37052
1461
71550
29032
31499
73061
65670
95675
42502
46137
6993
9074
65727
70868
90853
70936
54618
59363
32226
76455
76576
72432
62155
76216
25514
47872
56620
31486
82585
37593
70268
84639
73439
3693
81362
45667
72438
25816
15905
96587
71585
53414
33749
73697
15745
24746
18196
69348
15465
11214
65772
83100
44340
7161
8910
29689
3523
71844
51254
57943
23389
18121
76001
30297
4760
63049
19491
98288
61213
86283
34322
93018
67800
34354
75417
92644
91105
44959
12378
93647
78393
4697
36964
23178
5584
40613
71714
54607
99826
641
49224
18403
39214
92381
40026
38539
7303
99307
2955
90134
97302
53849
25237
50974
39179
71352
47959
29265
33167
94068
48512
80430
71821
61057
76123
77519
788
42628
64508
90677
1425
92406
43255
56438
37366
92307
63584
14296
97041
73494
81661
53657
31610
17944
65881
114
79700
69188
69839
97313
99884
29183
8088
92159
32178
21838
12229
98490
39823
60071
92249
37651
48112
21536
35526
18767
62728
72455
56071
68162
75530
88945
8754
39644
71394
20015
9336
23129
49308
80827
39301
28532
96943
69506
58475
11131
20475
83650
60001
6029
63696
92022
12418
82058
64948
84954
94609
78197
81683
77486
95956
58379
98835
62158
38222
22101
3438
97431
61025
49281
18947
36172
7995
86058
75189
99408
65143
10039
45533
71566
28421
65706
21265
67561
93968
54330
30326
14085
35479
59846
30560
90515
52395
47620
60327
21866
44935
2064
70225
43425
59959
71781
1236
64002
88640
78971
30926
10793
97445
91024
83328
21228
5019
40517
1086
24721
42862
80633
92470
1426
87293
19804
52017
75230
98984
97144
31349
68661
79943
59925
69677
27867
87767
37524
26451
30749
84325
20917
30133
66942
76403
36133
20430
55357
69625
50298
3713
90422
58698
52207
58457
79473
77579
97769
46283
21868
10648
51555
4722
97917
12772
28196
27094
13322
38782
25003
79474
10499
95176
5017
62924
9285
55056
2338
33003
8101
95740
40488
73584
74593
61117
81401
95358
87344
55354
58069
53419
57560
36787
59946
78326
3725
42485
21584
84899
84967
85818
45292
59788
4800
60264
48384
10387
47535
94574
50906
26938
86455
78460
7655
32465
76936
82107
27779
71806
55387
24344
49756
60697
80658
69117
65579
59135
26129
67778
35501
769
1762
75024
25166
30612
28911
69121
42588
19791
43133
75822
43681
69907
79393
32234
42152
35916
12478
72915
33802
85454
87562
40300
34899
35067
13109
41246
46446
29874
78315
12478
18284
56841
55263
73995
48748
59511
11553
39320
46273
20734
45119
81034
95997
21098
67753
44811
17791
78692
10759
21578
49636
45762
78508
22033
15842
94025
26613
57384
36786
90205
95100
87260
11734
63889
62263
60741
66452
88264
54716
53915
22697
87923
26826
37050
60982
62313
22155
37523
74567
42241
43662
7832
6983
92095
26124
64387
12854
90960
33136
70205
89439
52258
38425
91678
90437
88701
48207
57792
20269
45051
23525
61615
49541
67630
63112
58765
58085
81620
3661
17183
69453
63502
72226
84156
31878
70766
75077
83386
28694
98343
30662
24482
12877
48697
57822
20092
56462
96831
73293
95724
96158
63334
66879
86298
45125
25406
28505
73855
97588
53469
92100
52441
41253
33309
71179
61358
13176
57187
86840
26843
78945
6375
87867
87141
11237
48646
4377
42769
15127
63430
13174
70310
36830
73357
79126
31056
44793
28130
69926
13628
97978
13356
48910
51636
21978
23098
82398
2356
98328
27773
2480
12761
46696
93050
9500
24612
64457
21790
37055
58186
42975
6572
35774
96760
73576
14031
97183
56713
78050
5920
24822
56227
1851
87877
92008
8230
28290
83931
56225
36985
58529
97570
25915
49422
81715
55621
67079
44504
505
55608
91115
10
26544
22552
5584
36023
52449
29225
54171
53098
61110
87963
317
32527
96237
62086
32243
35829
14576
25417
80151
21079
55474
78694
25792
23698
62899
24258
32919
97257
28516
1
82823
11160
89928
85084
350
48187
12929
59623
38146
72503
49543
88190
59480
58227
55563
67712
24026
60363
30824
18438
8889
84472
89476
7104
40686
16950
61861
20868
50859
46493
96320
98336
47988
95156
73773
41419
54453
46357
54000
40800
63916
23738
76958
50039
75275
86928
55940
77614
45603
4864
36440
54325
14277
74506
34065
99380
99923
70226
43688
88180
44300
52099
47614
65423
49486
5211
97431
73457
12242
89482
96486
63184
88051
3803
8197
79763
70400
70130
46905
75864
49000
62856
14528
44070
69848
80742
43949
40725
49649
82015
56259
11968
33113
34882
54518
645
1409
79612
32144
65627
62587
98891
94865
97907
57912
21228
30336
59311
26537
98518
68581
63519
28736
70380
18845
43915
68781
23512
37890
36270
55081
94682
6659
83452
62744
36809
19009
63931
53469
20149
55141
85120
29381
77512
9618
4696
59484
81942
63390
3478
95249
72269
92084
9791
489
90596
45943
68775
4638
34015
9052
12324
39293
95399
65118
68855
49657
93913
7821
87760
51087
96845
38353
22091
85807
18729
29755
2181
45372
32614
84092
93509
65550
98870
94736
57195
64211
19576
26316
18015
54069
22296
63495
81166
69667
44487
83882
2707
20650
52968
2601
83445
1634
93664
75499
78867
62217
85907
18006
8118
69564
6341
75426
7956
46794
50276
88733
81921
35517
24292
79560
38654
29391
65031
48505
13906
62405
28306
33474
68773
80130
51189
85374
31913
53413
58846
59223
93650
24134
18535
2843
99535
66573
64294
14404
93072
32151
39071
27414
18612
89350
89404
72589
49291
62293
92542
65146
25561
41425
83051
63024
51466
89170
41494
16128
90509
912
43608
33710
17424
60014
1617
57650
34774
24283
5710
14005
34301
91307
14061
2411
8627
27460
88402
88920
10514
98161
78003
19616
84754
72628
640
31139
75514
85635
46659
35797
90230
82240
65974
8492
16651
92926
44888
86554
74168
51120
15005
62811
56570
98787
70416
19450
58886
3647
73978
82831
66588
9228
45743
14921
93831
46213
6191
3375
29647
38046
20945
47380
5522
21246
330
24568
42958
97704
60034
16191
27093
8158
73197
67207
14352
37053
2196
53979
95548
98963
36980
92297
622
67114
20832
54097
31148
64793
18603
65393
72962
49346
74244
1388
47152
57629
61422
99248
53989
97868
82260
86127
22158
23604
67651
13426
38483
78364
30878
27032
55364
85208
5608
78963
35012
59133
66211
38228
94710
17296
12614
72705
67751
11714
25323
3082
97189
25284
74682
12742
22189
92220
29828
19368
11034
82740
78466
64450
9194
84683
14785
52962
38712
61154
11956
85130
15821
85060
28291
92948
85770
66732
67287
75226
56574
21543
45017
76710
81980
37280
69278
68763
64428
34730
76241
12724
21067
20376
49612
92525
20792
17657
10263
19200
72877
92090
84955
99416
66812
98484
92348
118
89575
751
71134
33917
69415
24028
23099
53665
25576
21872
75412
17519
56550
68187
90935
79401
79884
85452
58389
38090
27297
7320
70697
30236
41413
57330
47154
18762
92149
10098
39097
77593
59170
19699
11322
5246
12228
46534
92268
22548
78056
59069
27449
90515
58339
28959
65347
96327
99800
23755
82010
11145
34660
59348
69802
60877
83712
48745
42100
92663
14880
1294
62874
58669
51813
57824
2726
34913
7484
6850
73554
1778
32930
92530
93165
24803
15836
26954
86922
95914
63270
70636
83855
26505
43701
41210
61440
36835
58851
28578
36055
80404
63704
73276
10857
67911
34378
93100
78044
54874
84069
6430
21388
3911
88558
38716
98164
82204
37854
33218
62992
36845
35362
98445
13595
37809
89073
81514
91114
85949
99400
32861
7193
33546
46260
41796
9677
97349
71218
75939
97908
36640
36926
5458
56325
85395
73508
36297
26980
13483
65906
26636
54684
60286
97923
72236
10409
9091
71086
25357
8451
53253
44957
82072
56366
44758
99331
14953
24004
23061
20426
38720
11068
2447
23948
69167
50776
72794
6186
80638
44763
41219
32665
30177
2943
18787
19869
74462
45822
52672
35635
38660
36890
88673
56625
29145
90504
16227
35895
47436
22531
92926
94440
99355
47434
10493
14889
47208
20966
39930
85385
52025
8637
25160
51898
12124
58102
71188
63872
43
59183
64236
1569
14507
37707
61666
10249
13419
51413
84380
58841
70512
87126
48192
3197
16333
74377
96896
65718
52564
65663
72370
50437
28228
41753
87473
88309
29797
17445
11030
79936
9325
58072
29412
41494
23547
27490
30756
62634
47811
77453
95871
3609
50878
79178
67051
21189
31749
98081
10451
13484
19687
46273
34963
73453
6199
55134
3785
77955
85380
54286
92374
68382
78458
57237
19003
97734
6790
89786
26707
57632
43727
45422
60278
10444
65921
55195
11206
97865
65193
97647
86216
22509
65007
466
89677
95691
35304
60251
23242
65547
7254
67584
84458
77711
65838
52599
73957
63763
81307
88112
63012
36466
68345
46811
26054
61903
6788
39308
18260
63225
9672
30310
14175
46525
97544
72088
50072
24229
34501
8836
44031
5177
18135
31802
26221
67737
21406
37734
29238
40435
42428
11903
68373
79038
10967
9293
83975
1753
41495
52117
2823
65364
64975
20205
15137
82809
82645
19577
83979
94773
34412
1125
39850
83587
2161
90534
13609
77966
68219
9061
81125
83059
12128
88489
96666
63098
9329
51359
78354
19011
43711
85526
43336
93108
67685
12983
77934
42111
25533
26804
57249
75798
71185
94314
35869
28651
23078
32350
90357
65565
28902
95252
62914
2989
63161
69894
22570
75399
36769
9994
611
35135
87128
30090
46618
95702
92918
21097
62862
28334
29177
31921
44473
59046
4385
87149
22043
81971
14529
75582
79324
56827
67877
19220
92926
3297
445
43478
19243
44057
62892
57847
63354
26523
37897
44263
98815
72226
39382
18674
83739
56288
31953
41649
71202
18221
9484
55549
68313
28741
15367
89916
98052
83517
86294
7939
78651
88948
581
70042
71112
10775
37913
35983
30159
55535
85606
56458
15748
622
62832
46863
49171
54006
92733
38905
85871
66594
31457
86776
73171
91874
24147
88626
40309
6010
28119
2556
165
61285
68375
6510
14958
64187
25318
68575
47067
51453
14442
66743
58508
17490
39660
17787
8559
58524
67620
4070
62575
97610
19837
18492
33983
18751
22882
104
54857
58928
71815
43213
57872
55128
28468
56905
93515
9011
99876
95627
39803
17822
17742
41311
47017
94532
85315
93672
89130
79342
92032
46166
52712
75891
94702
72257
12941
97146
27157
55693
26608
34421
11293
66164
72718
51253
52515
44948
93134
22153
56929
99109
15013
56670
42814
97617
6953
69238
35972
80595
33394
29725
17419
70403
62910
15315
61465
50696
22898
6015
4886
8628
99167
82020
61654
99964
79694
4450
96595
27289
53942
28051
86563
28787
13102
77106
19479
57205
96523
52637
88638
9345
53570
80471
95467
76836
99511
93058
20538
71171
20781
90521
978
7069
37190
81317
51379
57787
93042
40143
17657
726
9062
45986
7422
26969
44976
2429
65541
14325
30417
5058
7245
70812
51711
29769
22728
83398
94511
14322
2619
73084
49087
54878
68230
34636
47090
676
15673
55670
30014
59682
31048
85413
36384
23453
48464
70523
30367
77893
28653
86408
141
32037
83094
50915
92795
52328
95202
86072
22420
77523
76263
35201
31226
80417
79524
72625
70638
73379
28444
45579
13830
44451
53263
47452
19746
74741
18484
18052
97598
92777
45433
95305
89446
51352
15322
76643
28008
3114
18523
14344
8584
17587
89258
70014
62305
68786
8016
16301
7697
61097
73742
44844
8621
63292
87869
33164
90104
24470
86926
53798
26898
43204
16540
27661
60284
21010
36666
58703
96316
17544
97188
31857
75879
57448
9710
74207
21370
19284
81479
86974
24744
21247
14034
79750
88794
23636
72856
6963
18599
41815
18522
45459
27839
86195
71118
6436
54850
97888
35324
15621
56598
75788
52667
23591
72424
87851
82760
19570
91026
62545
41097
41171
33869
5978
69462
90369
51917
21408
52661
90891
17898
15484
99060
4043
32935
38842
18208
53479
70072
32133
542
22028
71992
99864
86577
82271
17544
1829
37797
56931
76876
36298
11028
3000
28726
43819
35784
54593
87917
41341
84756
28727
14982
63019
51851
10030
11570
22379
38200
66944
813
50654
51045
94350
79046
12140
61700
46961
13360
5202
67496
28241
18282
83395
61653
30959
53992
52465
36877
70124
760
52276
99007
16014
25342
50009
67042
29517
6688
53626
14705
50881
72100
62026
95669
4834
25317
89532
39063
35821
29925
32002
64774
31678
34092
14290
38598
37158
21365
57473
27821
45262
25202
29981
73515
53476
54361
65235
15960
93224
94349
25438
28577
82505
26511
94063
85954
92401
98002
12025
33349
91198
63307
31149
48813
60941
15483
87329
90796
38400
42090
70025
33071
93817
86795
51889
13780
98378
95798
18004
65514
72747
27343
97346
71902
62730
25882
24706
68861
10748
12991
8898
38128
49301
2006
87026
8288
77756
14500
42521
91061
16749
84381
90555
12695
16828
69991
25011
60231
27480
83996
73590
36240
56915
28010
5950
75777
54143
43162
48119
18694
28180
32907
38493
25943
72009
16199
31406
24246
57094
97184
9925
76418
64813
6711
19703
46052
26487
49217
83997
47522
71302
1597
93819
33082
39270
50634
62380
43682
87443
7183
61147
39130
40359
7044
26431
40774
17752
45103
46091
96740
50965
62953
32874
48643
96951
98870
22365
89529
30529
20897
32213
8931
21916
82358
71589
24816
88036
99152
73359
91124
67353
37004
7064
78395
11749
95039
48188
30693
31212
45389
92305
17696
15155
84539
87518
62878
73706
63751
70953
3869
94609
18164
71893
65314
59362
93423
62931
38314
13
92706
16200
22989
69071
99715
33386
66530
64537
84930
70944
12347
64324
16823
93495
45136
19872
30025
6670
21030
67172
92382
43457
38217
52932
30625
81337
77390
49599
78666
42408
12463
95557
49372
50614
37216
11905
97852
46999
60854
9427
19870
19680
61822
93334
73672
37520
34800
6882
17198
900
4549
22523
32933
93202
51874
37433
57208
87611
13605
64256
81031
28488
49760
40489
75387
43575
79987
71884
47916
21082
64884
79136
39254
41504
96352
87676
94675
44796
36582
2496
11385
86422
58401
78622
93649
65607
63358
50189
35839
99829
33814
655
80107
71898
4651
77763
35858
5596
48047
55009
10038
84284
27705
25551
25845
62011
45705
28873
72941
24809
20922
51039
32841
69418
141
30029
62481
76704
11416
45185
71182
58631
9238
84821
18835
10046
35154
56910
68712
98002
44499
56514
78288
33672
31205
70799
93747
75283
23764
74386
55894
57762
86817
55231
37292
71742
88842
12703
19408
57034
56035
82840
4313
45894
66680
82549
26793
88661
41177
89095
78534
17548
68352
86697
5294
83982
98896
37371
94519
28940
92300
98229
41150
87593
14661
10958
49216
65311
91280
70133
79804
44682
84481
19933
63217
48600
96081
19365
48403
1572
61495
5284
5581
42860
48590
58673
51869
81588
78997
82181
23531
49143
51152
41555
51394
65764
60678
46261
11507
38414
44309
24782
17181
66009
99856
10107
23479
23248
57880
57804
39486
83766
63263
2970
7601
81549
28405
48208
6688
12651
74107
93848
64915
12125
44107
56069
44425
6707
74036
76134
6420
16774
82251
966
63446
70439
69034
24248
99843
54299
79260
63261
5998
26793
87094
84435
61302
69692
45920
78397
64356
75360
7327
42495
81009
46584
38302
46029
23454
66519
80336
57260
72617
60004
61414
12093
89999
77384
68347
62576
65212
74489
95824
27061
54817
79418
27918
86601
49355
47385
62878
406
5276
20294
42778
27460
65418
8837
99530
74756
98954
99282
57783
53271
98879
43049
40388
67776
2770
13681
44371
55863
57809
34130
80256
94069
56519
4962
20041
45878
99354
33717
80487
50085
4061
62607
10476
97174
96453
70052
26972
65851
76878
2104
31114
25578
82153
86634
11443
63046
29561
38636
95375
64330
77307
22812
30989
85801
67708
32286
4412
55933
69226
207
14105
94838
16665
77747
24072
93063
74657
35586
24874
65682
58594
28603
79992
40699
22081
97139
96715
5685
29322
24736
73870
82982
15761
32800
22059
89416
83716
67582
70904
80676
48964
30022
57808
16986
86329
36140
1902
11557
73438
46534
16871
17403
84197
19018
2895
28072
24141
33886
78270
32262
75897
20590
99376
1462
37350
37727
86667
35512
8662
85699
90748
1003
61253
66381
50816
74059
72112
68801
15343
89755
93745
19030
53018
79547
76985
83642
87924
3306
90177
66254
53816
29386
98412
81521
5715
91669
67964
49696
92146
81639
47807
23743
27592
69085
28417
37960
98815
20896
15149
13379
92923
26950
75739
39993
12747
74792
48069
19318
62286
15107
80596
47761
70359
13528
86424
21956
5386
3054
35465
68480
35489
97647
95712
80708
7375
14428
35314
41626
82345
74947
31414
62604
15387
6810
67326
5257
32936
45160
3091
5330
88752
21360
88644
465
87306
51702
21368
28895
46297
23906
16315
82286
16987
4534
18487
1523
51080
57920
69169
93614
72456
61619
62906
16201
50197
49264
27300
99706
63911
1935
96106
81217
47628
25799
67399
5157
64797
73557
70424
31317
20207
46310
56052
9813
24722
90238
58096
22388
82470
41659
68002
54199
3651
84827
82225
5665
48587
88554
24339
9340
97167
27229
18827
83448
61479
31786
5499
22773
29965
16930
76985
87606
84116
54552
89428
88684
81831
32869
8001
35517
41088
94502
71742
7974
56477
15907
17015
60924
1984
95116
29544
26467
11648
72122
92414
22539
14704
24743
86759
57989
12049
40901
46499
14885
45025
22019
92866
90323
96982
7838
34614
78746
59633
84381
16278
83515
56985
59411
35946
89712
5306
46139
60726
313
63128
86006
67255
18552
21292
17960
60788
92077
72283
92266
90424
20536
5288
90652
88324
46371
13524
93955
3329
57369
37922
65542
94648
68981
14195
77848
9754
8433
34357
96559
13277
40994
43692
96286
16106
19820
61242
12477
98668
48505
32304
58756
83099
79530
65895
15450
62969
52726
37037
68242
41159
28850
39710
37431
12250
64023
63497
29278
99982
66276
45664
18233
92561
3165
71221
61849
78029
66603
25194
77825
70332
82429
40524
43431
73953
35928
56544
51456
94551
68549
52805
53333
90533
73559
30380
9320
39876
51321
46306
70644
17711
20526
12942
62677
31588
32580
49097
63394
6360
88015
43701
20575
22892
77234
60706
57316
92725
97175
11651
95543
5264
92305
13608
64969
57628
5868
33760
31272
73874
79746
27097
89056
18075
78233
53872
64128
2034
25310
26951
97634
38828
72397
24466
84721
32905
92393
5360
84099
38827
26829
27067
15027
15762
75949
29336
64864
16616
11069
61382
33854
22189
16771
62800
66235
59518
86579
81513
23267
68328
21973
21637
76173
55914
42148
86545
11235
87525
88859
64892
21222
29717
18745
1941
48211
9687
84345
21314
95553
45925
23861
23573
50375
3210
53590
59650
89749
22737
50659
54869
20894
3152
5972
44180
19515
4870
47725
65725
79061
18228
82477
47814
50395
10073
88066
63536
72120
66936
55737
33446
78678
28278
21574
5704
8836
74803
21277
86690
35843
75222
53505
1104
83238
87434
80299
39204
37581
53420
89937
72304
83788
66652
58426
83386
58969
60271
45952
65847
85418
35635
62331
40135
77231
72886
97217
13110
49794
18864
4402
49503
71360
93657
78559
95482
66000
64454
52211
5537
90877
41439
68115
81662
88936
60298
96900
19883
51942
95932
16188
13200
99735
40565
96291
23751
78212
61487
29080
52455
67687
20094
4283
15732
70388
47562
34259
18857
12978
26994
88383
29650
14642
8184
13880
33642
54086
15307
55124
24933
65223
31304
53745
81034
70638
22302
37844
36543
53250
66084
34530
24742
4035
66534
77280
82900
88223
2035
60587
59100
22789
84039
78026
50522
52283
98984
20903
38008
56680
7381
84454
33711
50777
59550
95995
92114
14512
6482
59476
39829
8429
85397
51885
75035
80485
27780
7635
65276
56921
35136
84939
31916
40216
7084
83743
97375
36984
49263
42982
2016
81678
1811
4213
54172
58287
51768
31483
24603
49137
63069
78849
18123
37573
75362
79566
37932
65300
46268
48976
5316
1250
37847
16754
92700
39436
77013
24144
83008
25790
69687
7296
41015
9434
4445
85217
41013
19833
88486
20257
67756
68662
42323
93073
39476
3574
41296
15024
77500
35831
70125
78214
76460
67945
78821
54954
91006
60164
9766
91404
48985
44220
54907
57944
80906
45937
11826
39287
91745
81825
30083
33275
63667
6436
75414
13300
22886
83229
21476
52663
51175
24825
64361
48926
61144
11942
78955
54154
49815
88864
23536
69575
99128
20820
28052
98863
86984
25692
78218
25135
4629
58014
93543
33443
4293
87845
95849
14109
95926
66089
58610
9379
27945
14874
33867
10854
62358
22825
77726
66229
6837
13246
67449
73682
47362
84570
41266
21403
47692
63234
8148
72033
96374
63521
24830
23085
78004
87375
48229
56556
15307
55782
18192
58908
46001
652
77390
74084
10307
65788
35594
4746
67520
50830
93956
99214
10496
30018
58296
99402
22733
95410
73596
87604
8644
77311
1375
22701
49554
32881
74007
27371
39530
98397
79176
89590
39926
66995
79753
99119
86418
69869
68367
55479
72616
41645
76160
171
82459
97481
68090
26921
41329
59862
72730
87984
7398
71131
65180
5699
84778
50032
3150
51925
30654
49355
63192
57459
44958
27501
853
95828
30913
75592
41729
60549
66986
31617
97992
66023
77916
38588
76766
51014
53491
44833
94312
38052
24417
3966
21244
35607
2876
54808
50872
15031
61361
43553
26896
85128
30488
3068
47302
64415
32789
13081
49079
55714
10725
31894
25266
8236
73391
43000
81458
60865
81277
59673
90110
1734
99362
58960
90892
88663
85489
166
14837
9610
54898
32819
18548
99656
84499
96406
19281
80409
86286
25899
40923
51286
34045
5040
67065
16591
30563
94584
59842
57782
37529
68981
18517
68733
96131
4873
56650
89639
41244
50085
86881
3751
1098
46207
37757
15206
16911
15473
56272
41566
11941
23336
50915
82156
7048
3104
82257
92540
95651
38484
29879
3536
41476
78912
11475
69715
53498
56376
71686
6119
80790
47264
71334
87673
10301
5645
78619
93760
49695
66314
81252
26150
1742
45841
59630
42584
49794
32330
84045
31387
83425
81052
26162
73346
51467
23816
40029
8077
40080
71444
19650
72589
70686
75899
2505
48864
58220
11282
12125
17047
97390
97238
40815
92472
19686
42195
15754
75006
77011
41219
22681
77296
29662
19508
86903
59001
9965
95954
82761
85217
64890
52730
88325
96723
79407
4474
25208
21214
58305
54032
55923
70815
12617
72142
41886
32232
12823
59537
11738
15421
73332
52098
52364
7945
98113
72847
35729
48952
24379
18388
78044
87016
40031
20831
50544
1127
1759
39730
35141
54215
47112
49998
39533
33086
1222
62813
52092
99815
29977
13711
61490
5695
44012
89063
7069
57575
70756
46661
80740
70165
1927
92415
17365
22981
40256
92400
35723
39987
10349
59535
73492
30190
35981
60413
51006
95747
5993
74172
97874
37605
17430
11315
77125
14720
72620
61756
62102
98429
88391
84302
49533
50680
57920
22317
29292
10447
8030
84120
65521
69177
29635
60318
88650
33952
85910
61979
73246
83366
2251
42585
57916
49554
24253
99382
44371
96958
51111
93584
52772
88864
2912
91409
69475
51337
39003
84552
2108
99871
95603
74069
62613
21387
15377
79239
34428
89219
61363
84414
46973
38206
95604
62984
30783
69287
52250
59926
55745
44157
91462
5388
53343
32078
28060
66838
41939
36731
24386
489
50601
39982
49321
26586
92923
51524
8660
48635
35079
10765
36686
39164
57550
5322
69136
31583
14467
38990
38574
94927
41039
12003
89700
22850
35359
88654
37765
23377
78383
21841
82610
41394
690
85028
88526
93671
92779
64675
75411
58507
18171
33643
98747
41184
38405
90736
78900
96880
12752
17582
30428
78231
91581
65594
73475
95522
42085
46853
38659
48621
83914
95308
27419
95652
98999
8397
70875
12065
56678
91346
61398
85813
83417
76878
65245
34502
90495
72702
94886
72317
27791
47979
77858
28260
18262
85398
99760
76741
53081
68477
66070
99957
19360
45838
97896
26246
84746
32771
10815
17860
80391
74852
1986
43354
98018
37866
44484
57407
70865
32095
53483
43785
37709
51911
21319
68380
15484
64192
66010
10517
18896
87595
51185
31446
83133
79705
9833
25990
73304
3266
16489
89838
65653
48986
17681
18816
55027
67229
5912
53773
38788
64784
20641
72409
41945
27865
42220
21919
22476
9707
2439
98706
63548
57723
1299
88004
85379
31230
84367
60123
66965
51632
91640
65656
15630
24306
84010
16387
15279
36585
50909
49740
87850
67826
10913
49416
85795
76598
89898
37909
71945
41764
73814
51729
96910
98610
9967
98590
96021
96841
70558
26051
22867
40162
66954
60104
73953
43909
72271
71389
29392
14352
41650
31251
60354
34449
71562
7552
12643
58486
89925
19679
3000
7484
26288
22907
26611
90115
78217
71020
7988
64072
66905
89872
90781
44677
33049
84688
72252
29091
34150
9277
24072
78687
74017
42751
31934
12688
19173
21550
28000
19160
90452
41903
60427
14086
21370
58198
7620
544
11041
75015
69253
85
12954
6376
83369
66804
78944
56793
34417
37118
12160
69379
91124
65736
97155
48232
55512
5099
77701
44032
27518
38161
46437
1261
34523
77301
91736
9539
37680
4270
29450
20539
69103
25744
5027
22479
11833
45927
22030
86840
35605
56256
51950
17768
77630
35682
67462
12270
55288
16244
65580
53041
88733
71824
13067
25637
89035
9700
85274
72016
31748
59502
63978
33358
29321
51538
88840
14934
59888
97958
87984
66890
81644
94010
20604
12416
44983
57086
21041
45424
17580
94688
88159
75596
83439
76696
34438
9357
66557
64824
84274
62200
28438
95449
74391
41681
66207
74641
93887
29050
52392
98128
61493
64824
45345
72703
30463
41049
96725
17044
49070
19442
49973
49220
99318
88595
14462
95947
9961
77985
3372
77255
46661
73872
27604
89602
71836
35509
37622
48417
13682
44973
3356
57632
99367
59537
80611
14161
33983
5500
26401
30667
96138
32850
43752
88300
99442
42891
92060
78560
66001
67616
37224
1465
66020
29691
17124
64206
41859
19327
76334
69194
23427
50715
58086
31115
27118
87157
50637
77135
31225
93783
74905
16033
16737
8793
31727
54578
78226
68855
94704
86641
66956
68762
54171
52292
60610
44684
36456
40606
6062
34775
95488
85256
90954
39351
18721
34493
77160
6358
37120
9128
87674
72736
50706
80167
41427
76945
68133
58682
8882
25148
36775
7500
84089
65922
15096
99965
87317
32856
41285
89229
69086
74849
98680
5007
72291
53368
92541
24415
18910
28195
55035
33255
15283
38461
29223
40606
20980
72922
73301
75160
54979
16775
10830
3423
26286
89670
77683
11011
80863
8817
39400
91613
96300
78802
78930
4668
62114
37095
99986
82782
43693
20419
32007
47751
55229
5056
74643
48370
40087
47192
22860
76367
69747
81244
93255
17691
13403
22291
82833
33286
76576
36401
99414
31826
3898
11409
37851
73100
95138
45624
23477
53076
69028
51224
723
65608
62811
49911
95671
59059
82143
47317
95240
23310
37720
37864
23410
50438
50200
34807
7482
87479
20664
286
35512
76232
11732
87715
75178
47473
83421
36172
17431
80730
5979
51263
65138
99412
85994
53520
2641
72646
86204
81504
48684
48051
66108
23074
34992
42786
92265
89805
28848
37497
76884
45745
90600
41585
92114
49364
46416
3753
44958
70593
65131
39645
14533
72193
18810
11829
55473
7817
61521
42609
99018
85479
85751
52049
25604
94302
86101
3631
65441
95765
30259
93263
26270
19804
47692
14905
90640
86666
22127
59593
23281
46984
82134
51934
39364
4627
99308
326
5821
14385
26443
58684
66117
50509
95066
17676
64011
68892
50787
70124
74242
25341
97062
43978
69471
11029
5490
38640
3371
37772
43044
4201
94129
13369
28641
69364
94586
92304
53632
97433
46031
90603
11748
50684
62931
39286
64496
44480
62074
22676
83441
64623
89125
86677
54543
24921
5679
54745
38809
38805
89506
16754
36546
36707
86521
74434
66311
56878
37618
20386
5516
53234
44619
93615
77217
35252
19762
21818
66448
42315
1330
11315
25215
49272
43448
97783
77758
74567
94516
18187
91057
92551
24419
86930
48293
11382
78716
82876
81569
30812
29061
27191
49779
87076
54569
12837
4574
8518
23299
39784
28894
83798
82303
3057
32746
24628
30141
96782
79491
28057
42624
51180
97732
64393
82032
26709
42312
81233
2477
2990
79110
54670
56707
48576
64553
50923
11709
12403
49422
69365
61137
66130
19173
97783
2558
27256
16208
14107
24154
60436
64516
2107
25464
21831
48168
91137
1195
98065
65636
50183
42370
87837
15238
21149
41837
16602
31167
66060
88742
84089
70015
49375
53737
70771
92289
83850
25879
32869
26010
80649
90443
42835
20096
20174
75753
5755
826
20193
26205
79909
13274
80227
90571
68003
64964
79379
31809
1638
27851
42306
67228
87714
54512
19598
45229
33200
21350
36940
55171
48196
26322
48174
12070
7122
29942
33302
11050
76330
35246
84695
83006
18589
4956
3460
11282
26468
1385
22329
43258
55802
47871
90429
86908
84558
24341
4862
20152
95595
38522
16783
73566
31346
96353
40597
63176
7787
89779
55114
6924
45885
43163
92331
80574
29194
83029
8352
71244
43114
4251
11009
3222
98680
76079
32701
43554
57139
17789
58388
83056
93338
92276
23960
92307
38414
92868
39960
60271
21072
88590
97419
46949
60827
18245
84752
79291
95822
28243
19413
2104
77464
1072
64429
51603
48613
84328
76513
27386
39008
37357
51514
70229
30815
26275
91139
13907
65572
28450
61763
20753
96600
15238
63660
42769
37499
83721
22686
3953
28092
6416
44000
58641
39726
92054
64208
92863
85793
8212
26205
51653
65737
92525
23364
6478
56518
80121
96705
66363
50081
26118
92314
72137
26088
23415
58670
45625
14298
98747
54122
12896
71765
84657
91373
39315
40966
48298
1040
26832
45039
19561
2713
25845
96179
35908
71785
40641
96532
44034
97032
88745
63166
74366
85153
84102
34484
81616
45978
9517
73614
37217
38485
78380
48103
31031
64900
51298
40461
80664
23805
91925
89467
92885
34704
77166
95170
12234
8180
56710
32659
7909
49443
2761
40074
94810
71730
37086
481
60470
23828
87454
16398
28282
10138
28914
26945
35454
59501
83247
6208
11670
97458
61081
31931
20584
85611
47138
22517
26856
89705
12566
901
63943
37995
41069
91749
10369
65762
96232
569
65212
79463
26594
85824
6759
65427
19076
96723
60989
56000
78083
52191
76773
22233
14736
8153
98926
69006
81878
91610
33642
71598
93573
51279
44063
95343
45837
24619
46341
11337
17232
24487
16534
4988
91603
23866
28732
8881
13218
25189
55796
7471
54800
1229
62201
91929
88469
74930
7823
12748
38931
41
91161
55037
79151
90854
47347
12440
4682
64160
10568
36025
27859
41798
5116
30908
43110
94526
46637
65784
21648
5840
4524
69947
47844
3776
77708
86630
46835
29047
31408
14132
47331
85861
98567
24293
84908
49743
25068
28779
73837
93067
83261
10696
43261
53169
7216
28405
73021
47388
51953
23285
19724
71288
87358
51399
36255
9546
36143
14264
2634
6294
4457
25278
80573
2980
68162
40893
47538
55344
62178
33102
