29210
46823
6267
98098
91622
96527
65704
19877
446
29422
24976
25645
90648
31443
44836
20458
64460
6705
12341
24041
16121
39859
20510
79831
60479
217
2712
29230
72141
65982
58921
92475
27301
27033
26808
13981
48933
98755
24776
3693
72386
78186
20802
13264
40531
74702
13050
19357
7359
54368
606
64003
34093
96645
10836
3462
29522
27424
63363
60984
16478
79686
24983
88608
30453
28218
26245
11284
53592
20887
47665
30631
9496
52337
59131
63692
54993
28302
66175
87698
1453
73675
30438
3941
16825
73959
19852
32063
33225
94902
54585
1628
86481
29065
5349
23259
51447
95348
75829
98653
30161
72534
989
44324
6082
84422
25081
33926
48889
32725
67310
78539
47829
7592
78640
63664
64438
93289
81251
60026
65540
57361
35112
65644
8017
66348
85392
46880
33058
57458
58060
21032
28127
17791
42676
68475
8410
69150
40140
30702
31736
6148
74703
29478
45878
21294
52197
98334
90879
46358
6033
82118
10379
72257
16724
34944
41474
15107
75011
10473
97405
9445
83347
84567
36828
70556
24521
31301
5223
32683
15884
98761
4111
80361
55972
88757
83225
31707
34582
15558
16360
67854
97607
37052
1461
71550
29032
31499
73061
65670
95675
42502
46137
6993
9074
65727
70868
90853
70936
54618
59363
32226
76455
76576
72432
62155
76216
25514
47872
56620
31486
82585
37593
70268
84639
73439
3693
81362
45667
72438
25816
15905
96587
71585
53414
33749
73697
15745
24746
18196
69348
15465
11214
65772
83100
44340
7161
8910
29689
3523
71844
51254
57943
23389
18121
76001
30297
4760
63049
19491
98288
61213
86283
34322
93018
67800
34354
75417
92644
91105
44959
12378
93647
78393
4697
36964
23178
5584
40613
71714
54607
99826
641
49224
18403
39214
92381
40026
38539
7303
99307
2955
90134
97302
53849
25237
50974
39179
71352
47959
29265
33167
94068
48512
80430
71821
61057
76123
77519
788
42628
64508
90677
1425
92406
43255
56438
37366
92307
63584
14296
97041
73494
81661
53657
31610
17944
65881
114
79700
69188
69839
97313
99884
29183
8088
92159
32178
21838
12229
98490
39823
60071
92249
37651
48112
21536
35526
18767
62728
72455
56071
68162
75530
88945
8754
39644
71394
20015
9336
23129
49308
80827
39301
28532
96943
69506
58475
11131
20475
83650
60001
6029
63696
92022
12418
82058
64948
84954
94609
78197
81683
77486
95956
58379
98835
62158
38222
22101
3438
97431
61025
49281
18947
36172
7995
86058
75189
99408
65143
10039
45533
71566
28421
65706
21265
67561
93968
54330
30326
14085
35479
59846
30560
90515
52395
47620
60327
21866
44935
2064
70225
43425
59959
71781
1236
64002
88640
78971
30926
10793
97445
91024
83328
21228
5019
40517
1086
24721
42862
80633
92470
1426
87293
19804
52017
75230
98984
97144
31349
68661
79943
59925
69677
27867
87767
37524
26451
30749
84325
20917
30133
66942
76403
36133
20430
55357
69625
50298
3713
90422
58698
52207
58457
79473
77579
97769
46283
21868
10648
51555
4722
97917
12772
28196
27094
13322
38782
25003
79474
10499
95176
5017
62924
9285
55056
2338
33003
8101
95740
40488
73584
74593
61117
81401
95358
87344
55354
58069
53419
57560
36787
59946
78326
3725
42485
21584
84899
84967
85818
45292
59788
4800
60264
48384
10387
47535
94574
50906
26938
86455
78460
7655
32465
76936
82107
27779
71806
55387
24344
49756
60697
80658
69117
65579
59135
26129
67778
35501
769
1762
75024
25166
30612
28911
69121
42588
19791
43133
75822
43681
69907
79393
32234
42152
35916
12478
72915
33802
85454
87562
40300
34899
35067
13109
41246
46446
29874
78315
12478
18284
56841
55263
73995
48748
59511
11553
39320
46273
20734
45119
81034
95997
21098
67753
44811
17791
78692
10759
21578
49636
45762
78508
22033
15842
94025
26613
57384
36786
90205
95100
87260
11734
63889
62263
60741
66452
88264
54716
53915
22697
87923
26826
37050
60982
62313
22155
37523
74567
42241
43662
7832
6983
92095
26124
64387
12854
90960
33136
70205
89439
52258
38425
91678
90437
88701
48207
57792
20269
45051
23525
61615
49541
67630
63112
58765
58085
81620
3661
17183
69453
63502
72226
84156
31878
70766
75077
83386
28694
98343
30662
24482
12877
48697
57822
20092
56462
96831
73293
95724
96158
63334
66879
86298
45125
25406
28505
73855
97588
53469
92100
52441
41253
33309
71179
61358
13176
57187
86840
26843
78945
6375
87867
87141
11237
48646
4377
42769
15127
63430
13174
70310
36830
73357
79126
31056
44793
28130
69926
13628
97978
13356
48910
51636
21978
23098
82398
2356
98328
27773
2480
12761
46696
93050
9500
24612
64457
21790
37055
58186
42975
6572
35774
96760
73576
14031
97183
56713
78050
5920
24822
56227
1851
87877
92008
8230
28290
83931
56225
36985
58529
97570
25915
49422
81715
55621
67079
44504
505
55608
91115
10
26544
22552
5584
36023
52449
29225
54171
53098
61110
87963
317
32527
96237
62086
32243
35829
14576
25417
80151
21079
55474
78694
25792
23698
62899
24258
32919
97257
28516
1
82823
11160
89928
85084
350
48187
12929
59623
38146
72503
49543
88190
59480
58227
55563
67712
24026
60363
30824
18438
8889
84472
89476
7104
40686
16950
61861
20868
50859
46493
96320
98336
47988
95156
73773
41419
54453
46357
54000
40800
63916
23738
76958
50039
75275
86928
55940
77614
45603
4864
36440
54325
14277
74506
34065
99380
99923
70226
43688
88180
44300
52099
47614
65423
49486
5211
97431
73457
12242
89482
96486
63184
88051
3803
8197
79763
70400
70130
46905
75864
49000
62856
14528
44070
69848
80742
43949
40725
49649
82015
56259
11968
33113
34882
54518
645
1409
79612
32144
65627
62587
98891
94865
97907
57912
21228
30336
59311
26537
98518
68581
63519
28736
70380
18845
43915
68781
23512
37890
36270
55081
94682
6659
83452
62744
36809
19009
63931
53469
20149
55141
85120
29381
77512
9618
4696
59484
81942
63390
3478
95249
72269
92084
9791
489
90596
45943
68775
4638
34015
9052
12324
39293
95399
65118
68855
49657
93913
7821
87760
51087
96845
38353
22091
85807
18729
29755
2181
45372
32614
84092
93509
65550
98870
94736
57195
64211
19576
26316
18015
54069
22296
63495
81166
69667
44487
83882
2707
20650
52968
2601
83445
1634
93664
75499
78867
62217
85907
18006
8118
69564
6341
75426
7956
46794
50276
88733
81921
35517
24292
79560
38654
29391
65031
48505
13906
62405
28306
33474
68773
80130
51189
85374
31913
53413
58846
59223
93650
24134
18535
2843
99535
66573
64294
14404
93072
32151
39071
27414
18612
89350
89404
72589
49291
62293
92542
65146
25561
41425
83051
63024
51466
89170
41494
16128
90509
912
43608
33710
17424
60014
1617
57650
34774
24283
5710
14005
34301
91307
14061
2411
8627
27460
88402
88920
10514
98161
78003
19616
84754
72628
640
31139
75514
85635
46659
35797
90230
82240
65974
8492
16651
92926
44888
86554
74168
51120
15005
62811
56570
98787
70416
19450
58886
3647
73978
82831
66588
9228
45743
14921
93831
46213
6191
3375
29647
38046
20945
47380
5522
21246
330
24568
42958
97704
60034
16191
27093
8158
73197
67207
14352
37053
2196
53979
95548
98963
36980
92297
622
67114
20832
54097
31148
64793
18603
65393
72962
49346
74244
1388
47152
57629
61422
99248
53989
97868
82260
86127
22158
23604
67651
13426
38483
78364
30878
27032
55364
85208
5608
78963
35012
59133
66211
38228
94710
17296
12614
72705
67751
11714
25323
3082
97189
25284
74682
12742
22189
92220
29828
19368
11034
82740
78466
64450
9194
84683
14785
52962
38712
61154
11956
85130
15821
85060
28291
92948
85770
66732
67287
75226
56574
21543
45017
76710
81980
37280
69278
68763
64428
34730
76241
12724
21067
20376
49612
92525
20792
17657
10263
19200
72877
92090
84955
99416
66812
98484
92348
118
89575
751
71134
33917
69415
24028
23099
53665
25576
21872
75412
17519
56550
68187
90935
79401
79884
85452
58389
38090
27297
7320
70697
30236
41413
57330
47154
18762
92149
10098
39097
77593
59170
19699
11322
5246
12228
46534
92268
22548
78056
59069
27449
90515
58339
28959
65347
96327
99800
23755
82010
11145
34660
59348
69802
60877
83712
48745
42100
92663
14880
1294
62874
58669
51813
57824
2726
34913
7484
6850
73554
1778
32930
92530
93165
24803
15836
26954
86922
95914
63270
70636
83855
26505
43701
41210
61440
36835
58851
28578
36055
80404
63704
73276
10857
67911
34378
93100
78044
54874
84069
6430
21388
3911
88558
38716
98164
82204
37854
33218
62992
36845
35362
98445
13595
37809
89073
81514
91114
85949
99400
32861
7193
33546
46260
41796
9677
97349
71218
75939
97908
36640
36926
5458
56325
85395
73508
36297
26980
13483
65906
26636
54684
60286
97923
72236
10409
9091
71086
25357
8451
53253
44957
82072
56366
44758
99331
14953
24004
23061
20426
38720
11068
2447
23948
69167
50776
72794
6186
80638
44763
41219
32665
30177
2943
18787
19869
74462
45822
52672
35635
38660
36890
88673
56625
29145
90504
16227
35895
47436
22531
92926
94440
99355
47434
10493
14889
47208
20966
39930
85385
52025
8637
25160
51898
12124
58102
71188
63872
43
59183
64236
1569
14507
37707
61666
10249
13419
51413
84380
58841
70512
87126
48192
3197
16333
74377
96896
65718
52564
65663
72370
50437
28228
41753
87473
88309
29797
17445
11030
79936
9325
58072
29412
41494
23547
27490
30756
62634
47811
77453
95871
3609
50878
79178
67051
21189
31749
98081
10451
13484
19687
46273
34963
73453
6199
55134
3785
77955
85380
54286
92374
68382
78458
57237
19003
97734
6790
89786
26707
57632
43727
45422
60278
10444
65921
55195
11206
97865
65193
97647
86216
22509
65007
466
89677
95691
35304
60251
23242
65547
7254
67584
84458
77711
65838
52599
73957
63763
81307
88112
63012
36466
68345
46811
26054
61903
6788
39308
18260
63225
9672
30310
14175
46525
97544
72088
50072
24229
34501
8836
44031
5177
18135
31802
26221
67737
21406
37734
29238
40435
42428
11903
68373
79038
10967
9293
83975
1753
41495
52117
2823
65364
64975
20205
15137
82809
82645
19577
83979
94773
34412
1125
39850
83587
2161
90534
13609
77966
68219
9061
81125
83059
12128
88489
96666
63098
9329
51359
78354
19011
43711
85526
43336
93108
67685
12983
77934
42111
25533
26804
57249
75798
71185
94314
35869
28651
23078
32350
90357
65565
28902
95252
62914
2989
63161
69894
22570
75399
36769
9994
611
35135
87128
30090
46618
95702
92918
21097
62862
28334
29177
31921
44473
59046
4385
87149
22043
81971
14529
75582
79324
56827
67877
19220
92926
3297
445
43478
19243
44057
62892
57847
63354
26523
37897
44263
98815
72226
39382
18674
83739
56288
31953
41649
71202
18221
9484
55549
68313
28741
15367
89916
98052
83517
86294
7939
78651
88948
581
70042
71112
10775
37913
35983
30159
55535
85606
56458
15748
622
62832
46863
49171
54006
92733
38905
85871
66594
31457
86776
73171
91874
24147
88626
40309
6010
28119
2556
165
61285
68375
6510
14958
64187
25318
68575
47067
51453
14442
66743
58508
17490
39660
17787
8559
58524
67620
4070
62575
97610
19837
18492
33983
18751
22882
104
54857
58928
71815
43213
57872
55128
28468
56905
93515
9011
99876
95627
39803
17822
17742
41311
47017
94532
85315
93672
89130
79342
92032
46166
52712
75891
94702
72257
12941
97146
27157
55693
26608
34421
11293
66164
72718
51253
52515
44948
93134
22153
56929
99109
15013
56670
42814
97617
6953
69238
35972
80595
33394
29725
17419
70403
62910
15315
61465
50696
22898
6015
4886
8628
99167
82020
61654
99964
79694
4450
96595
27289
53942
28051
86563
28787
13102
77106
19479
57205
96523
52637
88638
9345
53570
80471
95467
76836
99511
93058
20538
71171
20781
90521
978
7069
37190
81317
51379
57787
93042
40143
17657
726
9062
45986
7422
26969
44976
2429
65541
14325
30417
5058
7245
70812
51711
29769
22728
83398
94511
14322
2619
73084
49087
54878
68230
34636
47090
676
15673
55670
30014
59682
31048
85413
36384
23453
48464
70523
30367
77893
28653
86408
141
32037
83094
50915
92795
52328
95202
86072
22420
77523
76263
35201
31226
80417
79524
72625
70638
73379
28444
45579
13830
44451
53263
47452
19746
74741
18484
18052
97598
92777
45433
95305
89446
51352
15322
76643
28008
3114
18523
14344
8584
17587
89258
70014
62305
68786
8016
16301
7697
61097
73742
44844
8621
63292
87869
33164
90104
24470
86926
53798
26898
43204
16540
27661
60284
21010
36666
58703
96316
17544
97188
31857
75879
57448
9710
74207
21370
19284
81479
86974
24744
21247
14034
79750
88794
23636
72856
6963
18599
41815
18522
45459
27839
86195
71118
6436
54850
97888
35324
15621
56598
75788
52667
23591
72424
87851
82760
19570
91026
62545
41097
41171
33869
5978
69462
90369
51917
21408
52661
90891
17898
15484
99060
4043
32935
38842
18208
53479
70072
32133
542
22028
71992
99864
86577
82271
17544
1829
37797
56931
76876
36298
11028
3000
28726
43819
35784
54593
87917
41341
84756
28727
14982
63019
51851
10030
11570
22379
38200
66944
813
50654
51045
94350
79046
12140
61700
46961
13360
5202
67496
28241
18282
83395
61653
30959
53992
52465
36877
70124
760
52276
99007
16014
25342
50009
67042
29517
6688
53626
14705
50881
72100
62026
95669
4834
25317
89532
39063
35821
29925
32002
64774
31678
34092
14290
38598
37158
21365
57473
27821
45262
25202
29981
73515
53476
54361
65235
15960
93224
94349
25438
28577
82505
26511
94063
85954
92401
98002
12025
33349
91198
63307
31149
48813
60941
15483
87329
90796
38400
42090
70025
33071
93817
86795
51889
13780
98378
95798
18004
65514
72747
27343
97346
71902
62730
25882
24706
68861
10748
12991
8898
38128
49301
2006
87026
8288
77756
14500
42521
91061
16749
84381
90555
12695
16828
69991
25011
60231
27480
83996
73590
36240
56915
28010
5950
75777
54143
43162
48119
18694
28180
32907
38493
25943
72009
16199
31406
24246
57094
97184
9925
76418
64813
6711
19703
46052
26487
49217
83997
47522
71302
1597
93819
33082
39270
50634
62380
43682
87443
7183
61147
39130
40359
7044
26431
40774
17752
45103
46091
96740
50965
62953
32874
48643
96951
98870
22365
89529
30529
20897
32213
8931
21916
82358
71589
24816
88036
99152
73359
91124
67353
37004
7064
78395
11749
95039
48188
30693
31212
45389
92305
17696
15155
84539
87518
62878
73706
63751
70953
3869
94609
18164
71893
65314
59362
93423
62931
38314
13
92706
16200
22989
69071
99715
33386
66530
64537
84930
70944
12347
64324
16823
93495
45136
19872
30025
6670
21030
67172
92382
43457
38217
52932
30625
81337
77390
49599
78666
42408
12463
95557
49372
50614
37216
11905
97852
46999
60854
9427
19870
19680
61822
93334
73672
37520
34800
6882
17198
900
4549
22523
32933
93202
51874
37433
57208
87611
13605
64256
81031
28488
49760
40489
75387
43575
79987
71884
47916
21082
64884
79136
39254
41504
96352
87676
94675
44796
36582
2496
11385
86422
58401
78622
93649
65607
63358
50189
35839
99829
33814
655
80107
71898
4651
77763
35858
5596
48047
55009
10038
84284
27705
25551
25845
62011
45705
28873
72941
24809
20922
51039
32841
69418
141
30029
62481
76704
11416
45185
71182
58631
9238
84821
18835
10046
35154
56910
68712
98002
44499
56514
78288
33672
31205
70799
93747
75283
23764
74386
55894
57762
86817
55231
37292
71742
88842
12703
19408
57034
56035
82840
4313
45894
66680
82549
26793
88661
41177
89095
78534
17548
68352
86697
5294
83982
98896
37371
94519
28940
92300
98229
41150
87593
14661
10958
49216
65311
91280
70133
79804
44682
84481
19933
63217
48600
96081
19365
48403
1572
61495
5284
5581
42860
48590
58673
51869
81588
78997
82181
23531
49143
51152
41555
51394
65764
60678
46261
11507
38414
44309
24782
17181
66009
99856
10107
23479
23248
88691
37716
86266
7657
9739
92878
10785
18730
99216
59457
84622
7545
16833
30130
71162
72282
35526
27674
54690
51720
84050
23934
1951
43842
61255
90229
39477
36052
15472
34376
95667
33301
67451
87196
85910
89888
35475
43848
92137
55275
96916
42484
71610
31345
49952
35839
24001
56624
19746
85946
44075
48429
8303
94177
94792
29106
66491
93537
66311
73208
38867
77040
55289
51728
56351
23743
74715
14335
1869
71770
99479
71781
15632
79557
52609
76812
49004
72056
87881
70107
12339
70173
29183
64066
80140
83296
86544
34895
93876
40879
17148
68789
54545
89475
84031
89214
99837
91427
10482
9283
4068
27142
96793
55159
32700
35981
71137
99449
6777
73309
29575
6742
59657
53857
36169
70185
33183
12796
58784
47258
76516
12874
69472
16851
81404
45569
57072
21959
95007
65844
5198
47204
43384
8993
1635
97099
31408
18624
26584
59766
29257
45464
90199
65801
4922
18319
33576
47424
59784
45375
49785
84498
63177
77678
29241
70817
19390
2901
89828
52917
10675
31607
3087
86537
67592
65916
57644
19335
34464
34885
79857
82012
16437
86163
56773
42096
68483
99706
32230
52184
30706
99294
40741
86245
59648
42352
4592
45079
20690
51614
41989
96932
71494
42243
56086
58270
56569
52453
70534
52224
7066
85783
89654
91582
15053
30764
91421
25431
27245
91980
38796
47651
32229
35803
20471
52079
26811
40250
82174
98960
24411
80893
98633
97983
57119
47305
30621
54266
10177
23050
13878
89168
76079
20639
15641
98226
49349
68245
26473
94803
89501
774
35950
60815
41331
6538
87103
59394
16427
58707
81109
30955
73914
44966
43612
96615
32644
49249
10279
27227
38946
77862
92853
75505
48709
10237
18099
92445
51717
24422
21409
45420
38273
6938
11139
69524
82090
58986
40702
15883
25113
22290
34696
21853
24679
89612
74813
26455
61244
68283
47719
2111
55672
65936
11166
18742
10202
66541
57769
92953
82187
15706
222
60951
49145
61980
11229
35019
39611
84825
83158
94768
26593
33295
11027
97172
35369
87122
70085
1345
954
78401
57643
60075
83241
1396
69830
24891
71307
16718
49184
51111
20426
78750
5645
38532
24561
72670
99186
42875
81796
43577
3525
98459
54233
53892
82565
81228
49440
20981
5497
33832
30737
8190
96752
84882
59869
16817
76761
60751
44228
4787
2536
14633
84337
77030
85507
7881
37959
32370
60762
73695
18639
58035
22662
37884
28802
27928
85981
98817
30254
39246
34081
5723
16089
85699
30374
26592
64865
26618
93459
52830
78531
92808
66095
35653
57016
68189
99523
61481
29242
70501
14089
48944
75152
29339
73164
48616
51982
46040
51854
31227
23518
12807
29060
79696
26434
33345
34845
95333
122
39138
44762
96148
54376
90832
56249
80660
77535
5968
72659
67151
39709
94674
53902
45956
37434
37874
86921
46515
48785
36172
19362
32030
60840
96349
19026
26936
27599
33656
59754
44463
94766
15835
40527
61408
74085
69859
37552
85970
66407
51192
52604
69205
62940
54335
17183
82805
81468
91244
8696
53520
66821
15059
67139
59222
73860
71045
23668
7510
7179
60482
50689
83272
34514
29042
91987
10365
77093
72012
26152
99460
33939
18216
91853
7395
14592
3832
7756
7291
43914
63449
87827
51401
21466
21746
16304
24045
21293
80183
43886
12490
69205
40738
12334
95885
17894
19242
83328
71190
19262
77987
23873
46822
24921
37240
62779
55493
63650
25644
58475
15073
8935
66076
5835
28933
67901
56016
17656
7784
22384
36105
38113
74828
51970
32283
55507
50735
7176
1477
98501
54795
9078
36981
21248
98859
94583
94104
71067
44163
92215
39560
54558
3773
75316
17802
12078
66520
11206
9700
35230
86105
98487
60465
89435
1322
4712
22740
26937
45494
87803
94220
20187
77492
19876
4248
3979
40195
8002
71342
49191
96235
26761
9748
21816
4528
36330
92109
8448
79471
73459
66765
65191
98026
87942
51382
30426
42331
60103
72432
94859
99271
32917
29247
92010
9999
32120
66266
99935
53940
3217
20749
54883
39356
2941
52463
25953
89012
45895
43861
34306
99833
51571
76439
57402
17654
99399
91851
5899
57323
40701
55843
57371
8382
31771
92998
4153
63551
63646
43868
52079
55547
33386
52977
58821
6508
6907
97104
54354
47835
26745
81073
96091
67962
57949
85375
98643
34763
31203
4352
89365
59085
46159
58621
65619
35889
44671
17148
14944
30407
2059
73015
64204
53874
42553
1359
96531
10739
28375
32422
74956
9353
74580
52536
9948
84197
68107
93211
24249
87675
74964
94505
17915
98788
6372
6029
66546
32522
52733
68297
40231
72318
31138
55365
92071
93999
40052
56026
39369
65940
38808
58242
80716
94459
37598
27980
95187
15557
96245
44256
24819
4443
93274
99710
98055
7151
76603
34844
56188
96428
71317
72502
71930
95076
77462
25018
40659
46468
37156
5264
51167
64516
16476
31202
81577
1842
52704
61576
72662
63769
83813
99633
17382
76997
50768
11477
39594
39192
99968
92523
18563
74812
30866
39560
63899
93105
23651
11808
26752
89124
93018
69422
34378
93976
33329
82108
66171
26938
14214
14338
62375
86046
52139
54483
82346
20219
56960
23332
55040
71995
32272
95550
39483
75147
28502
94243
39252
40721
46819
52055
29021
6465
79113
59923
85094
81076
2207
24683
76684
73020
18030
1698
51268
20009
4657
6419
92125
52655
58191
78172
53962
84343
24411
35341
13887
74464
91621
52283
10967
84575
18959
38495
25750
34445
31132
66740
5239
4351
57251
21843
23372
27100
5568
7047
894
49420
63490
60691
48981
9550
90611
30584
20571
17496
80195
16489
47727
47188
82820
15379
11064
69926
45507
83078
18730
66210
72650
74427
66670
59583
90279
52120
26547
16305
99246
61964
18114
64650
59385
38441
71067
93966
20363
53606
50550
60055
15350
19664
58538
83399
17188
22080
70757
19347
62805
48038
1616
99510
84751
46207
72564
64726
53799
47578
79306
65608
19381
69836
96923
99912
38306
95793
71004
71938
60776
87456
74122
43459
33077
64896
46951
54250
16698
17717
18458
51961
8447
17317
45965
74981
65708
74580
37120
78497
75564
66074
60176
91454
96051
73283
79411
55062
81109
83242
50316
66350
74249
27796
66229
72668
23236
94603
21278
5834
32606
54303
18306
16299
27645
63465
94173
83145
20521
59396
64438
21337
28596
66894
16328
35377
85225
2020
65617
53911
89217
6388
67878
65808
27565
15008
88162
23615
74828
99884
69180
73720
33740
16074
73236
32847
71051
3375
58908
61197
94491
62920
37880
81717
2453
32985
42482
22642
35427
22045
52804
51638
52226
91390
93928
84735
25660
84306
98295
82391
75810
12384
40804
62675
29384
47199
939
36508
95251
37454
62953
8522
17568
64639
96076
41983
89419
55652
10158
80347
60861
26166
90029
66795
57606
92206
41185
86782
89991
22804
39329
14080
38672
55495
57128
92317
40618
49411
86152
81213
1981
42519
9747
34030
51019
396
18552
33865
402
63055
26734
17638
77756
75108
69574
74035
21855
98972
14162
49043
7177
40658
33402
76775
67419
53118
77610
20200
67142
24647
19865
65179
57147
87699
47813
72681
33986
49256
84837
51626
62581
36289
81400
27121
71543
90195
61907
22179
29811
77810
21119
22167
91981
3763
93859
95405
88411
34375
46486
32888
25184
66616
9874
554
17453
80714
41012
53862
65297
72154
66662
54845
29694
37361
94807
32785
56810
23937
15345
34804
2069
26471
46052
60254
55526
6191
16835
301
22042
20515
17399
43231
72123
33105
30633
66928
97605
10128
8196
72839
99514
83609
49124
10345
90514
63734
28874
15132
72954
71403
20806
27076
23058
8816
89150
26511
47287
81624
22150
88676
88763
27826
82575
88405
86761
15295
494
59051
24533
63468
19214
54508
48018
54182
96587
11568
92723
676
73792
29607
36061
22740
27948
29867
21324
26869
7252
52470
92906
70150
80113
4046
78682
5488
54245
93157
23754
95834
8745
21034
13664
19958
91287
61430
60265
73207
37641
58144
90538
48071
61078
68303
80375
66422
76084
74870
52323
3183
15415
4213
97577
14336
65111
60397
69128
2058
57224
92881
4924
80855
58312
12963
90412
86940
51914
28996
44642
15906
60972
1802
39872
9511
26355
85550
32891
33367
2221
282
11732
44368
39126
95069
88560
21735
33092
5172
28091
79155
90032
5494
8208
2613
2509
83708
20690
84158
83632
37780
28487
8396
65083
47332
71581
28992
69194
15115
30026
94274
27126
42902
75153
35246
58168
44292
29523
80281
4155
938
30907
90389
72309
266
80426
44880
13509
28696
96524
99076
47700
99823
2464
57720
92375
5086
73015
22946
44218
49686
33469
91298
27471
90442
50485
92470
60807
13271
43706
11136
65495
54399
33915
62637
2239
95723
92304
24075
86213
68884
40911
1111
77763
68126
49502
38273
56562
71671
51320
53382
93008
87852
67864
61127
7045
67374
58975
13389
49022
45620
18802
44578
29058
86037
73615
56833
94823
30481
8659
30398
9168
95268
89782
85449
72525
63766
56176
6632
47974
51298
30325
4722
45133
63556
61608
79401
1069
59900
67569
27934
11014
95596
20980
91620
37591
8053
48564
58342
9200
16253
89092
37591
3680
15803
87947
64442
46933
40568
1616
15915
43025
60095
72859
73492
58296
55403
49814
55682
10185
85763
99785
78989
90232
77040
91417
19427
15163
97751
32173
15827
14654
28276
51436
61897
73203
68802
43109
65471
69583
46932
1306
19733
79571
38602
68007
33183
10013
26419
29444
25408
6624
62983
81041
64140
55170
88284
88247
9005
36486
84260
20346
72898
73891
16085
31060
61129
63930
37249
97478
47081
56755
91677
99659
53782
17051
50070
77627
54546
9077
98758
22235
98517
91580
60856
11004
51759
30246
18925
65988
63447
37097
44900
2211
43260
96938
42427
78001
31277
4038
83189
26012
56914
95661
28621
51230
67050
52919
65974
1481
3972
59827
98862
83504
65558
63605
2181
95052
84668
31952
49354
47482
14887
86993
65124
16907
80677
75929
23444
43018
50765
60577
46123
54783
98584
51893
3425
26777
22640
61926
2039
73223
62305
91333
68114
39596
1774
12377
87050
86679
63748
42009
56534
57248
61182
93500
84250
65645
94120
71486
95284
82201
94557
23448
69930
85497
46524
50014
30340
82063
26780
75753
82666
98167
72043
34071
69500
60155
95081
71015
53032
21391
43147
48855
51894
19029
43440
59682
82158
5955
18485
21863
17895
65161
94802
28325
52819
45911
91811
72000
49836
36994
96670
77962
31784
88577
2944
5818
2393
6512
83660
19128
31919
14595
63293
65975
8583
66041
47717
109
44864
53612
39282
45504
70008
24741
48976
9600
57009
63443
96953
33923
58604
46634
83307
87663
22827
95584
52061
14646
46525
49388
21320
54095
92416
8033
94166
69172
73240
45677
55543
70753
98023
21946
1307
10129
55571
33891
31429
14942
75619
30304
22068
72113
94387
20246
31026
6286
64199
12140
85160
67281
23145
36365
8945
18972
57298
17292
2043
6710
1927
20993
55141
64064
32958
38623
22022
87765
44124
27212
88535
57390
14026
56509
59309
40815
41624
32472
87918
30435
1952
45648
28661
21842
38160
7718
17389
46682
3680
47642
92374
69705
63681
52072
61023
46934
31138
42144
39397
16729
3352
71465
64426
29056
21700
14625
37430
21460
98511
31855
40600
50037
68159
8871
81661
43037
7063
80384
74376
35339
99799
78959
53015
41749
72058
9428
25073
48779
75382
20413
13436
43480
43670
70264
30225
25550
56916
9648
57323
88967
88673
38552
66663
62043
36978
60492
84970
84266
56133
67803
86780
95085
72011
87025
52919
5255
77805
44749
72282
9102
25671
50154
23505
68460
17391
76009
30083
82753
68346
11986
31730
10251
75378
12389
70401
79086
17119
89999
16035
98645
44358
97526
52537
11477
22255
42063
69185
84701
94153
73939
94923
19494
25411
2920
99113
26903
19189
11522
31274
98355
62874
33740
40956
49693
81010
51653
79528
82896
14576
92568
76094
79931
2132
68178
24351
56205
2211
28141
8041
8359
9664
69219
46329
35250
19360
47395
33766
7042
41340
20771
69794
35609
23462
93683
98569
54178
74816
53430
80067
54873
59314
37141
71369
30500
68962
90530
32584
65
41303
33537
47543
26994
82047
4347
90764
76610
55306
99733
14163
53602
73804
8563
64233
69461
78202
8660
18480
67951
42386
9177
65920
22471
63273
5131
60614
78862
86349
41948
8576
52566
2895
2475
8898
39165
5306
29489
71953
32969
41516
11819
24368
2205
90681
25460
41581
84700
16860
15099
60634
6829
89007
26936
61344
43862
92239
32036
14585
70417
31874
3957
87169
62213
79874
32401
11895
64788
76769
95296
80449
33178
28026
32339
16601
8291
58625
33553
23457
13605
18054
22754
39794
20685
85896
40657
78013
76622
78759
20387
4191
83041
67220
35612
1821
1664
78681
36800
34733
19356
40307
73039
38928
86959
95057
8116
51751
62679
97930
31899
65308
26400
59509
1527
86782
22164
48341
43214
51491
96586
62821
51697
7519
86062
41677
16187
23603
26043
58812
37445
80641
36705
92130
17074
14926
33102
46705
52499
84666
68729
83996
18533
6186
9216
67506
77057
59335
39896
89777
72502
77357
69618
28853
18694
64217
21715
58364
27369
3274
49573
51129
20507
33364
35518
81062
87889
93076
53831
45489
35519
3079
53580
63005
47527
20858
63985
97194
99720
14765
56236
69129
13035
41162
12392
79721
87003
33508
77232
40301
92975
3735
30217
98258
95501
79476
81600
18718
25842
68909
55850
29457
38734
7482
31908
19550
38587
29243
14397
84396
60949
88913
8090
89191
24358
47447
41854
89778
21374
50556
9434
31124
40601
31843
53199
83648
4051
78134
12318
77134
20237
44740
86343
26274
97743
10782
43482
504
52438
80835
5865
97794
40092
54937
50435
29373
47381
63497
72370
50221
71725
69673
24974
75651
90322
40881
68315
97038
32317
32578
91481
55362
45573
88600
48300
78409
12986
38039
63705
47132
14327
29172
18541
55039
95585
5922
95434
74323
90269
13878
47804
28206
15204
22682
33976
32613
79478
90558
49655
9243
5017
37744
95135
52923
71062
47526
47890
64528
95331
34509
298
15669
10379
82736
20017
9558
60052
88784
78178
2085
59996
87226
45416
892
37959
82214
61670
14672
3694
84745
66382
7376
6549
78886
77981
17696
71589
10305
99864
16531
17956
83580
37721
58757
19878
51084
66031
9383
74381
85218
91577
97867
36445
15244
61738
78584
27386
78873
51916
41618
10994
55739
89745
202
79047
59151
86051
18462
99923
11629
82722
49903
77568
80274
83560
59547
99123
67398
94968
9151
28957
83243
16929
80970
50184
5469
4675
83831
94487
18823
27718
7869
76974
15637
87162
22671
70428
91254
46643
53092
48354
37497
70951
24571
6514
3859
40112
20892
94487
30655
58783
30865
65937
80065
46057
83181
12358
39283
50380
69193
10628
76861
16311
71862
7931
51643
95816
3964
39378
33344
95863
69053
2002
47821
25810
71088
26689
87148
20797
85265
13368
88953
29253
18073
13457
54377
68850
42698
26290
77176
80901
13322
89951
71932
42655
71277
98907
10863
76452
65359
86079
9383
45814
17288
15117
84066
19586
566
14010
44948
40631
69768
16635
19777
4592
45199
42085
11564
87028
33850
35221
33835
99512
8711
42213
83699
7308
45924
96681
31278
86939
21724
64174
78748
55826
89591
30736
22138
9422
26579
42532
18516
44079
24709
79465
99779
53939
69231
809
83445
82408
33869
38940
87922
32049
11109
33664
53017
95891
46476
4109
70958
74326
63377
7134
35940
74077
6519
22038
59710
53183
3477
80261
44323
67739
62723
57531
420
83429
57392
83368
9627
35347
8120
84208
15911
37933
83153
15634
8639
87540
98501
28360
91147
87535
95178
52739
34618
58661
70254
36134
11385
12239
43319
68455
16513
89592
32950
26278
80171
89857
1724
98277
96344
61258
75282
52602
48826
50603
38780
89642
11133
38642
66350
65999
52243
39588
94211
90774
43684
49352
8368
15867
76337
33849
55639
50892
35973
3119
76232
88844
97993
52444
94127
11450
33858
65793
30255
10527
66936
91852
64366
80955
79708
9196
29824
77446
75728
57612
21501
90241
1518
82186
55424
9655
51972
89758
31661
51834
49218
33471
24162
