29210
46823
6267
98098
91622
96527
65704
19877
446
29422
24976
25645
90648
31443
44836
20458
64460
6705
12341
24041
16121
39859
20510
79831
60479
217
2712
29230
72141
65982
58921
92475
27301
27033
26808
13981
48933
98755
24776
3693
72386
78186
20802
13264
40531
74702
13050
19357
7359
54368
606
64003
34093
96645
10836
3462
29522
27424
63363
60984
16478
79686
24983
88608
30453
28218
26245
11284
53592
20887
47665
30631
9496
52337
59131
63692
54993
28302
66175
87698
1453
73675
30438
3941
16825
73959
19852
32063
33225
94902
54585
1628
86481
29065
5349
23259
51447
95348
75829
98653
30161
72534
989
44324
6082
84422
25081
33926
48889
32725
67310
78539
47829
7592
78640
63664
64438
93289
81251
60026
65540
57361
35112
65644
8017
66348
85392
46880
33058
57458
58060
21032
28127
17791
42676
68475
8410
69150
40140
30702
31736
6148
74703
29478
45878
21294
52197
98334
90879
46358
6033
82118
10379
72257
16724
34944
41474
15107
75011
10473
97405
9445
83347
84567
36828
70556
24521
31301
5223
32683
15884
98761
4111
80361
55972
88757
83225
31707
34582
15558
16360
67854
97607
37052
1461
71550
29032
31499
73061
65670
95675
42502
46137
6993
9074
65727
70868
90853
70936
54618
59363
32226
76455
76576
72432
62155
76216
25514
47872
56620
31486
82585
37593
70268
84639
73439
3693
81362
45667
72438
25816
15905
96587
71585
53414
33749
73697
15745
24746
18196
69348
15465
11214
65772
83100
44340
7161
8910
29689
3523
71844
51254
57943
23389
18121
76001
30297
4760
63049
19491
98288
61213
86283
34322
93018
67800
34354
75417
92644
91105
44959
12378
93647
78393
4697
36964
23178
5584
40613
71714
54607
99826
641
49224
18403
39214
92381
40026
38539
7303
99307
2955
90134
97302
53849
25237
50974
39179
71352
47959
29265
33167
94068
48512
80430
71821
61057
76123
77519
788
42628
64508
90677
1425
92406
43255
56438
37366
92307
63584
14296
97041
73494
81661
53657
31610
17944
65881
114
79700
69188
69839
97313
99884
29183
8088
92159
32178
21838
12229
98490
39823
60071
92249
37651
48112
21536
35526
18767
62728
72455
56071
68162
75530
88945
8754
39644
71394
20015
9336
23129
49308
80827
39301
28532
96943
69506
58475
11131
20475
83650
60001
6029
63696
92022
12418
82058
64948
84954
94609
78197
81683
77486
95956
58379
98835
62158
38222
22101
3438
97431
61025
49281
18947
36172
7995
86058
75189
99408
65143
10039
45533
71566
28421
65706
21265
67561
93968
54330
30326
14085
35479
59846
30560
90515
52395
47620
60327
21866
44935
2064
70225
43425
59959
71781
1236
64002
88640
78971
30926
10793
97445
91024
83328
21228
5019
40517
1086
24721
42862
80633
92470
1426
87293
19804
52017
75230
98984
97144
31349
68661
79943
59925
69677
27867
87767
37524
26451
30749
84325
20917
30133
66942
76403
36133
20430
55357
69625
50298
3713
90422
58698
52207
58457
79473
77579
97769
46283
21868
10648
51555
4722
97917
12772
28196
27094
13322
38782
25003
79474
10499
95176
5017
62924
9285
55056
2338
33003
8101
95740
40488
73584
74593
61117
81401
95358
87344
55354
58069
53419
57560
36787
59946
78326
3725
42485
21584
84899
84967
85818
45292
59788
4800
60264
48384
10387
47535
94574
50906
26938
86455
78460
7655
32465
76936
82107
27779
71806
55387
24344
49756
60697
80658
69117
65579
59135
26129
67778
35501
769
1762
75024
25166
30612
28911
69121
42588
19791
43133
75822
43681
69907
79393
32234
42152
35916
12478
72915
33802
85454
87562
40300
34899
35067
13109
41246
46446
29874
78315
12478
18284
56841
55263
73995
48748
59511
11553
39320
46273
20734
45119
81034
95997
21098
67753
44811
17791
78692
10759
21578
49636
45762
78508
22033
15842
94025
26613
57384
36786
90205
95100
87260
11734
63889
62263
60741
66452
88264
54716
53915
22697
87923
26826
37050
60982
62313
22155
37523
74567
42241
43662
7832
6983
92095
26124
64387
12854
90960
33136
70205
89439
52258
38425
91678
90437
88701
48207
57792
20269
45051
23525
61615
49541
67630
63112
58765
58085
81620
3661
17183
69453
63502
72226
84156
31878
70766
75077
83386
28694
98343
30662
24482
12877
48697
57822
20092
56462
96831
73293
95724
96158
63334
66879
86298
45125
25406
28505
73855
97588
53469
92100
52441
41253
33309
71179
61358
13176
57187
86840
26843
78945
6375
87867
87141
11237
48646
4377
42769
15127
63430
13174
70310
36830
73357
79126
31056
44793
28130
69926
13628
97978
13356
48910
51636
21978
23098
82398
2356
98328
27773
2480
12761
46696
93050
9500
24612
64457
21790
37055
58186
42975
6572
35774
96760
73576
14031
97183
56713
78050
5920
24822
56227
1851
87877
92008
8230
28290
83931
56225
36985
58529
97570
25915
49422
81715
55621
67079
44504
505
55608
91115
10
26544
22552
5584
36023
52449
29225
54171
53098
61110
87963
317
32527
96237
62086
32243
35829
14576
25417
80151
21079
55474
78694
25792
23698
62899
24258
32919
97257
28516
1
82823
11160
89928
85084
350
48187
12929
59623
38146
72503
49543
88190
59480
58227
55563
67712
24026
60363
30824
18438
8889
84472
89476
7104
40686
16950
61861
20868
50859
46493
96320
98336
47988
95156
73773
41419
54453
46357
54000
40800
63916
23738
76958
50039
75275
86928
55940
77614
45603
4864
36440
54325
14277
74506
34065
99380
99923
70226
43688
88180
44300
52099
47614
65423
49486
5211
97431
73457
12242
89482
96486
63184
88051
3803
8197
79763
70400
70130
46905
75864
49000
62856
14528
44070
69848
80742
43949
40725
49649
82015
56259
11968
33113
34882
54518
645
1409
79612
32144
65627
62587
98891
94865
97907
57912
21228
30336
59311
26537
98518
68581
63519
28736
70380
18845
43915
68781
23512
37890
36270
55081
94682
6659
83452
62744
36809
19009
63931
53469
20149
55141
85120
29381
77512
9618
4696
59484
81942
63390
3478
95249
72269
92084
9791
489
90596
45943
68775
4638
34015
9052
12324
39293
95399
65118
68855
49657
93913
7821
87760
51087
96845
38353
22091
85807
18729
29755
2181
45372
32614
84092
93509
65550
98870
94736
57195
64211
19576
26316
18015
54069
22296
63495
81166
69667
44487
83882
2707
20650
52968
2601
83445
1634
93664
75499
78867
62217
85907
18006
8118
69564
6341
75426
7956
46794
50276
88733
81921
35517
24292
79560
38654
29391
65031
48505
13906
62405
28306
33474
68773
80130
51189
85374
31913
53413
58846
59223
93650
24134
18535
2843
99535
66573
64294
14404
93072
32151
39071
27414
18612
89350
89404
72589
49291
62293
92542
65146
25561
41425
83051
63024
51466
89170
41494
16128
90509
912
43608
33710
17424
60014
1617
57650
34774
24283
5710
14005
34301
91307
14061
2411
8627
27460
88402
88920
10514
98161
78003
19616
84754
72628
640
31139
75514
85635
46659
35797
90230
82240
65974
8492
16651
92926
44888
86554
74168
51120
15005
62811
56570
98787
70416
19450
58886
3647
73978
82831
66588
9228
45743
14921
93831
46213
6191
3375
29647
38046
20945
47380
5522
21246
330
24568
42958
97704
60034
16191
27093
8158
73197
67207
14352
37053
2196
53979
95548
98963
36980
92297
622
67114
20832
54097
31148
64793
18603
65393
72962
49346
74244
1388
47152
57629
61422
99248
53989
97868
82260
86127
22158
23604
67651
13426
38483
78364
30878
27032
55364
85208
5608
78963
35012
59133
66211
38228
94710
17296
12614
72705
67751
11714
25323
3082
97189
25284
74682
12742
22189
92220
29828
19368
11034
82740
78466
64450
9194
84683
14785
52962
38712
61154
11956
85130
15821
85060
28291
92948
85770
66732
67287
75226
56574
21543
45017
76710
81980
37280
69278
68763
64428
34730
76241
12724
21067
20376
49612
92525
20792
17657
10263
19200
72877
92090
84955
99416
66812
98484
92348
118
89575
751
71134
33917
69415
24028
23099
53665
25576
21872
75412
17519
56550
68187
90935
79401
79884
85452
58389
38090
27297
7320
70697
30236
41413
57330
47154
18762
92149
10098
39097
77593
59170
19699
11322
5246
12228
46534
92268
22548
78056
59069
27449
90515
58339
28959
65347
96327
99800
23755
82010
11145
34660
59348
69802
60877
83712
48745
42100
92663
14880
1294
62874
58669
51813
57824
2726
34913
7484
6850
73554
1778
32930
92530
93165
24803
15836
26954
86922
95914
63270
70636
83855
26505
43701
41210
61440
36835
58851
28578
36055
80404
63704
73276
10857
67911
34378
93100
78044
54874
84069
6430
21388
3911
88558
38716
98164
82204
37854
33218
62992
36845
35362
98445
13595
37809
89073
81514
91114
85949
99400
32861
7193
33546
46260
41796
9677
97349
71218
75939
97908
36640
36926
5458
56325
85395
73508
36297
26980
13483
65906
26636
54684
60286
97923
72236
10409
9091
71086
25357
8451
53253
44957
82072
56366
44758
99331
14953
24004
23061
20426
38720
11068
2447
23948
69167
50776
72794
6186
80638
44763
41219
32665
30177
2943
18787
19869
74462
45822
52672
35635
38660
36890
88673
56625
29145
90504
16227
35895
47436
22531
92926
94440
99355
47434
10493
14889
47208
20966
39930
85385
52025
8637
25160
51898
12124
58102
71188
63872
43
59183
64236
1569
14507
37707
61666
10249
13419
51413
84380
58841
70512
87126
48192
3197
16333
74377
96896
65718
52564
65663
72370
50437
28228
41753
87473
88309
29797
17445
11030
79936
9325
58072
29412
41494
23547
27490
30756
62634
47811
77453
95871
3609
50878
79178
67051
21189
31749
98081
10451
13484
19687
46273
34963
73453
6199
55134
3785
77955
85380
54286
92374
68382
78458
57237
19003
97734
6790
89786
26707
57632
43727
45422
60278
10444
65921
55195
11206
97865
65193
97647
86216
22509
65007
466
89677
95691
35304
60251
23242
65547
7254
67584
84458
77711
65838
52599
73957
63763
81307
88112
63012
36466
68345
46811
26054
61903
6788
39308
18260
63225
9672
30310
14175
46525
97544
72088
50072
24229
34501
8836
44031
5177
18135
31802
26221
67737
21406
37734
29238
40435
42428
11903
68373
79038
10967
9293
83975
1753
41495
52117
2823
65364
64975
20205
15137
82809
82645
19577
83979
94773
34412
1125
39850
83587
2161
90534
13609
77966
68219
9061
81125
83059
12128
88489
96666
63098
9329
51359
78354
19011
43711
85526
43336
93108
67685
12983
77934
42111
25533
26804
57249
75798
71185
94314
35869
28651
23078
32350
90357
65565
28902
95252
62914
2989
63161
69894
22570
75399
36769
9994
611
35135
87128
30090
46618
95702
92918
21097
62862
28334
29177
31921
44473
59046
4385
87149
22043
81971
14529
75582
79324
56827
67877
19220
92926
3297
445
43478
19243
44057
62892
57847
63354
26523
37897
44263
98815
72226
39382
18674
83739
56288
31953
41649
71202
18221
9484
55549
68313
28741
15367
89916
98052
83517
86294
7939
78651
88948
581
70042
71112
10775
37913
35983
30159
55535
85606
56458
15748
622
62832
46863
49171
54006
92733
38905
85871
66594
31457
86776
73171
91874
24147
88626
40309
6010
28119
2556
165
61285
68375
6510
14958
64187
25318
68575
47067
51453
14442
66743
58508
17490
39660
17787
8559
58524
67620
4070
62575
97610
19837
18492
33983
18751
22882
104
54857
58928
71815
43213
57872
55128
28468
56905
93515
9011
99876
95627
39803
17822
17742
41311
47017
94532
85315
93672
89130
79342
92032
46166
52712
75891
94702
72257
12941
97146
27157
55693
26608
34421
11293
66164
72718
51253
52515
44948
93134
22153
56929
99109
15013
56670
42814
97617
6953
69238
35972
80595
33394
29725
17419
70403
62910
15315
61465
50696
22898
6015
4886
8628
99167
82020
61654
99964
79694
4450
96595
27289
53942
28051
86563
28787
13102
77106
19479
57205
96523
52637
88638
9345
53570
80471
95467
76836
99511
93058
20538
71171
20781
90521
978
7069
37190
81317
51379
57787
93042
40143
17657
726
9062
45986
7422
26969
44976
2429
65541
14325
30417
5058
7245
70812
51711
29769
22728
83398
94511
14322
2619
73084
49087
54878
68230
34636
47090
676
15673
55670
30014
59682
31048
85413
36384
23453
48464
70523
30367
77893
28653
86408
141
32037
83094
50915
92795
52328
95202
86072
22420
77523
76263
35201
31226
80417
79524
72625
70638
73379
28444
45579
13830
44451
53263
47452
19746
74741
18484
18052
97598
92777
45433
95305
89446
51352
15322
76643
28008
3114
18523
14344
8584
17587
89258
70014
62305
68786
8016
16301
7697
61097
73742
44844
8621
63292
87869
33164
90104
24470
86926
53798
26898
43204
16540
27661
60284
21010
36666
58703
96316
17544
97188
31857
75879
57448
9710
74207
21370
19284
81479
86974
24744
21247
14034
79750
88794
23636
72856
6963
18599
41815
18522
45459
27839
86195
71118
6436
54850
97888
35324
15621
56598
75788
52667
23591
72424
87851
82760
19570
91026
62545
41097
41171
33869
5978
69462
90369
51917
21408
52661
90891
17898
15484
99060
4043
32935
38842
18208
53479
70072
32133
542
22028
71992
99864
86577
82271
17544
1829
37797
56931
76876
36298
11028
3000
28726
43819
35784
54593
87917
41341
84756
28727
14982
63019
51851
10030
11570
22379
38200
66944
813
50654
51045
94350
79046
12140
61700
46961
13360
5202
67496
28241
18282
83395
61653
30959
53992
52465
36877
70124
760
52276
99007
16014
25342
50009
67042
29517
6688
53626
14705
50881
72100
62026
95669
4834
25317
89532
39063
35821
29925
32002
64774
31678
34092
14290
38598
37158
21365
57473
27821
45262
25202
29981
73515
53476
54361
65235
15960
93224
94349
25438
28577
82505
26511
94063
85954
92401
98002
12025
33349
91198
63307
31149
48813
60941
15483
87329
90796
38400
42090
70025
33071
93817
86795
51889
13780
98378
95798
18004
65514
72747
27343
97346
71902
62730
25882
24706
68861
10748
12991
8898
38128
49301
2006
87026
8288
77756
14500
42521
91061
16749
84381
90555
12695
16828
69991
25011
60231
27480
83996
73590
36240
56915
28010
5950
75777
54143
43162
48119
18694
28180
32907
38493
25943
72009
16199
31406
24246
57094
97184
9925
76418
64813
6711
19703
46052
26487
49217
83997
47522
71302
1597
93819
33082
39270
50634
62380
43682
87443
7183
61147
39130
40359
7044
26431
40774
17752
45103
46091
96740
50965
62953
32874
48643
96951
98870
22365
89529
30529
20897
32213
8931
21916
82358
71589
24816
88036
99152
73359
91124
67353
37004
7064
78395
11749
95039
48188
30693
31212
45389
92305
17696
15155
84539
87518
62878
73706
63751
70953
3869
94609
18164
71893
65314
59362
93423
62931
38314
13
92706
16200
22989
69071
99715
33386
66530
64537
84930
70944
12347
64324
16823
93495
45136
19872
30025
6670
21030
67172
92382
43457
38217
52932
30625
81337
77390
49599
78666
42408
12463
95557
49372
50614
37216
11905
97852
46999
60854
9427
19870
19680
61822
93334
73672
37520
34800
6882
17198
900
4549
22523
32933
93202
51874
37433
57208
87611
13605
64256
81031
28488
49760
40489
75387
43575
79987
71884
47916
21082
64884
79136
39254
41504
96352
87676
94675
44796
36582
2496
11385
86422
58401
78622
93649
65607
63358
50189
35839
99829
33814
655
80107
71898
4651
77763
35858
5596
48047
55009
10038
84284
27705
25551
25845
62011
45705
28873
72941
24809
20922
51039
32841
69418
141
30029
62481
76704
11416
45185
71182
58631
9238
84821
18835
10046
35154
56910
68712
98002
44499
56514
78288
33672
31205
70799
93747
75283
23764
74386
55894
57762
86817
55231
37292
71742
88842
12703
19408
57034
56035
82840
4313
45894
66680
82549
26793
88661
41177
89095
78534
17548
68352
86697
5294
83982
98896
37371
94519
28940
92300
98229
41150
87593
14661
10958
49216
65311
91280
70133
79804
44682
84481
19933
63217
48600
96081
19365
48403
1572
61495
5284
5581
42860
48590
58673
51869
81588
78997
82181
23531
49143
51152
41555
51394
65764
60678
46261
11507
38414
44309
24782
17181
66009
99856
10107
23479
23248
43301
95417
47987
73216
47342
53664
68419
69859
19122
1336
57691
80570
52165
92959
48888
86141
15332
66633
77519
1897
39984
12605
32312
8381
33909
33608
19323
42246
55776
87248
73056
85900
91159
14824
56946
90787
85450
21494
29660
79968
44274
95984
85131
14572
3659
73673
46412
90193
63479
3774
79176
24849
13343
19944
29869
88063
62082
94827
67656
1574
8962
71380
47581
12028
40943
92643
65671
70213
93385
95324
84433
7918
5066
57231
58235
22150
79916
62548
1856
91569
92761
63415
63591
90086
82162
68797
85620
64367
50282
88302
2002
62969
37
3697
33389
66081
68605
59745
81102
78303
27831
93727
88788
5011
2109
40369
86753
2649
12345
74335
91719
17131
69390
10195
73775
79104
15813
85730
3062
30303
15780
94673
20269
32663
58608
87069
19943
60756
85468
61463
69914
82817
8506
14484
24924
43403
40627
32411
33970
81511
1406
53581
36275
20375
84549
59476
79202
94104
26765
49022
43798
93745
26835
26516
3748
7090
69602
54055
7699
13679
93970
76422
36543
25685
15595
50978
8242
6906
92271
20420
11430
57163
39751
78505
8392
75482
39537
92040
80596
21420
70533
41173
61762
98006
86808
29078
36427
20051
45548
33593
9975
57347
87973
64028
75333
96684
11766
21068
50601
83829
89781
97460
98207
88571
47433
30329
32959
25249
11678
65242
55823
23031
97088
16598
92774
75717
37287
42585
59806
74052
90971
40865
89523
92100
54719
59100
4040
24246
46286
36867
94896
11867
50061
87992
27392
16579
57164
68081
29818
56954
33756
2889
13292
18083
90349
22981
22109
28530
65202
41682
81334
95913
29698
10257
90295
33568
8176
91847
49566
20902
30235
79429
68933
2731
58942
42784
21284
34387
74497
56132
26828
34173
52716
18166
16894
85340
68100
45203
63292
24096
98982
20881
14430
63488
77638
9200
44867
15827
97621
44646
28665
55629
98230
53862
88258
39658
30132
64985
88286
84164
66851
50256
68156
4559
67936
61835
92664
66337
49921
88439
41612
98382
24456
19400
98460
58116
76293
17479
93116
43037
55890
33662
21361
33174
51300
22442
65799
82007
54587
83112
14579
85383
13558
26396
34772
13608
37001
79509
83629
26406
72036
39488
64142
30715
88826
80229
27026
20960
19107
98513
93
69860
92618
61237
76441
2231
88556
92238
97050
53223
98179
74347
67669
42215
23231
53891
77206
72329
77049
26646
37858
6694
51610
168
27524
40679
34889
21763
42838
93508
92876
76959
458
15015
21855
25147
14759
36882
81430
28048
72837
19185
11741
95499
84515
70874
84486
32212
3177
47525
24386
32828
50088
5538
5761
82231
20768
25854
47108
43570
20990
19053
18633
44915
10309
80831
38573
85258
13498
15307
56060
33998
45894
54062
40681
99314
48899
36438
70240
94568
87051
2331
76572
69397
59892
27944
51107
83498
67995
35288
35223
74215
30900
23997
74376
15628
14931
89462
76978
38253
9045
24713
98295
857
39032
34484
23731
63277
53056
41610
25471
29887
28222
52654
60786
71501
88267
50944
13295
48926
33524
9098
48414
66285
52191
25376
4774
63401
62100
78440
51085
81872
4459
84543
16669
15637
43226
58777
8860
87696
39786
96573
82763
6315
36372
30943
46425
11809
69082
35154
299
85308
93129
90976
2421
81640
99852
100000
2895
32924
84303
5845
32278
4157
37462
47411
24245
51254
65841
24805
61830
39961
53316
51433
53907
41391
80765
63757
37986
60107
30466
61730
62069
13572
13236
71516
67071
12222
82294
41036
20791
16356
96474
75435
31796
80546
98977
10808
30336
36273
71729
32887
78425
3848
1694
98405
22003
55031
7839
37159
84123
18115
85399
93960
32302
44554
61894
14342
77970
71899
72388
19909
56124
64359
51240
7515
73495
75937
67335
63331
46209
86368
25284
99291
73334
29768
47817
94940
62434
21748
37967
75041
25665
22054
6413
75158
21966
38427
19470
90480
90826
80633
19094
48194
67948
33783
14554
97882
25301
28410
66223
23728
62564
85006
22178
16885
47395
38454
81483
80755
55992
29619
77226
53741
85915
34442
16430
13929
78788
85289
48371
51761
54966
226
63724
10487
68640
22834
53048
93180
58454
1469
16010
33208
27514
96909
15756
9271
21637
16442
82925
12089
915
42547
21690
8475
80853
35506
67473
62527
43819
29680
32998
67123
86859
68230
56269
80821
65055
80909
75232
67872
5647
78370
25696
38407
35017
21965
31575
85707
44432
56172
45540
80485
34621
69150
51455
72563
59853
71028
5908
29415
93183
52257
5348
31786
93905
19160
21628
34173
61870
27966
25233
75935
55375
50856
31207
54168
7976
29423
93764
23974
70063
68330
653
51295
96731
79114
98387
55484
85197
9873
16340
83581
78534
99651
90918
70216
99531
73716
97245
83898
50674
10922
37839
73114
16758
95043
75670
11532
66823
56888
91144
89687
37304
30706
81642
55552
53474
73984
53244
97794
40713
9171
99196
83718
88711
16629
44704
39006
49086
28960
94426
89291
95013
16862
27759
76710
79664
85268
75515
53786
44634
87524
52549
21219
77391
31350
31066
87330
65048
17038
54445
69877
26056
6777
86679
67126
45166
39267
4881
37551
41513
82535
31628
11625
17411
52309
26431
31560
62158
26434
79615
1134
55554
43289
90829
23737
51320
83454
41575
62119
18484
97693
72288
20426
42777
23898
99498
67255
98804
43966
15415
16216
3006
42778
99449
22369
26001
56771
55306
49858
24513
17117
26424
11912
93384
39489
27319
34869
5928
82371
19071
91619
48070
20522
34785
14476
65039
39955
24029
1110
42088
80072
34396
37145
56805
98930
10713
46820
36673
29091
45889
53771
69950
8598
86374
80523
95888
64994
14586
88251
21312
6499
97757
97885
76587
44485
51033
67392
43362
59533
80556
10653
22098
82643
42355
49810
65680
79482
8928
72743
35212
79887
63580
55566
81114
8938
68109
33913
17580
850
11643
62634
64333
64382
52319
48053
11869
80330
70237
52651
97035
1424
4972
18001
43629
19394
41311
79633
14325
74163
10345
68964
78729
63812
7895
11976
97706
6379
66850
3912
90226
64943
54135
79257
51842
41179
42035
99536
47097
97089
80979
4794
3880
53417
85580
66340
82704
67330
84316
4332
74842
24077
49256
1935
93859
89638
3147
22654
11158
44964
52551
40346
16954
77919
53581
17163
54201
92350
31193
28775
78024
97850
85113
36543
49061
5955
77843
13502
42222
54120
29738
55236
47770
85677
26090
9423
57461
6221
40251
5311
5743
599
52333
18161
81397
36936
98421
26912
50410
22856
95250
44311
75577
24241
57720
19669
49871
1856
39232
72805
54585
91715
91390
24130
3809
12105
21797
2445
83342
3527
1657
66352
41686
26796
87227
98547
75560
85528
10136
98405
80613
35428
11495
64481
62131
17563
13858
45511
83152
63302
7598
9650
41275
97102
5316
59404
66771
9064
42897
71384
7972
94279
62176
12164
24325
72434
28859
37791
28017
78171
36055
46844
45421
48600
29684
4821
55035
94411
59094
39702
6066
54943
57278
80758
11951
97001
65192
57026
8352
12096
39811
8506
73723
81633
80392
2847
3294
26539
98807
21098
44299
98340
73870
56828
91800
14225
54896
35151
29585
59628
25588
13600
54208
32604
2105
39469
77097
11469
21811
75654
57257
71986
19778
44026
19534
6190
47154
67104
12512
41509
35583
70934
22365
6880
30292
61302
24062
67280
77295
36408
6339
90165
8497
84584
26857
49612
51342
80407
96494
66098
42257
14040
11427
24375
42152
96574
10771
34924
99174
17267
28261
29810
47134
33746
49191
19673
70994
25909
5901
93811
11798
97890
69673
13876
27871
95634
12138
26684
17301
16915
2208
7774
57469
5589
77275
47839
61812
33073
9580
77688
52377
98007
11517
24747
26525
59387
60680
37186
92287
32773
21027
23857
42568
96124
93561
9088
40907
21820
41308
29212
90771
99343
61980
10605
58064
10908
94749
1175
31460
30895
56638
74355
99528
61180
788
92491
68460
96334
79483
31745
82591
31552
90794
83624
23663
763
34291
92068
37925
16464
94711
63479
67805
19771
70730
61774
3766
18602
83316
81406
81864
9104
56028
72624
82915
50212
54907
54291
72956
37693
12589
96046
12228
61384
86372
12674
27228
45473
51003
28545
14898
813
61176
68028
4258
92023
40370
25909
46273
92560
63948
8975
52048
55151
66267
39235
93897
32828
42192
82092
51690
83097
26336
6918
65771
86852
18613
65172
45104
94961
75740
67119
71513
9901
64114
88672
60859
37907
21915
12964
53956
1517
13909
93258
6817
36494
89159
23921
98133
26081
91504
67411
32043
14843
68503
11092
83937
54981
17084
3567
72262
54262
84080
16655
84487
44938
91440
1671
64952
8411
34846
29357
4251
49611
58429
29953
14530
86987
90222
44187
91022
99693
57141
6325
35762
26330
72405
23409
34550
46492
45046
57004
86700
57453
63715
60530
41988
16834
19458
7772
86599
36136
32146
99320
23294
13272
58096
28633
57290
90684
41213
45812
55216
13393
7781
58926
92789
57312
88594
44511
35346
35160
35736
77777
1505
40611
20097
69705
57555
49707
9146
77146
30522
97805
87026
1129
87086
57220
970
96709
26668
56092
41481
98328
25576
92219
8132
77160
41365
6940
52245
88704
54518
27651
35232
86317
97312
37342
1520
72752
98753
30538
29742
60498
2051
9904
75706
76254
71949
52807
22896
32273
1970
2512
58155
13716
49641
43099
91840
97030
94821
60365
21666
95495
47498
58482
84898
89254
35013
95557
81103
7015
69962
79003
88957
15557
94372
64238
53212
23438
94374
27622
43088
53969
82836
34685
4808
69399
31111
67170
15312
16251
59141
27151
81664
58009
73176
55396
86394
19351
45636
68080
77324
38325
45353
8442
40013
67545
50617
39090
59127
6682
17805
29389
84273
90289
36828
4978
11007
39698
11574
62061
92482
57220
2976
79254
44410
17734
89060
77026
3771
39636
39455
25912
33438
92915
56247
9213
87202
97528
86009
79548
47521
59467
5841
51715
7126
23594
92441
84874
14743
65292
92682
6468
31807
25294
42253
93619
15774
68528
52285
52615
38687
39281
43668
27563
9188
29
61390
53625
64468
14330
32790
53499
80912
70204
4626
39153
20915
39762
5813
19771
13933
82525
96323
26135
43755
4610
26570
53551
47281
45773
54715
47146
21467
66127
72290
68434
18143
87350
94983
58849
24511
66144
86757
94460
70157
43004
77213
40029
63668
54702
34096
21668
17587
28754
57764
77352
22333
31055
61093
72334
32033
79155
76769
96237
28194
65839
18223
11083
84267
24592
95734
99454
39855
34590
89242
15431
55980
96666
64081
50997
40485
66899
27793
23054
38354
37094
70900
1740
89032
2688
44830
58049
99661
72396
68711
13554
90770
20483
72633
33967
77156
61383
98328
59846
59798
84653
1071
32225
78220
95272
77563
28495
16166
20277
47868
4607
71732
2761
32726
84774
50503
38322
15350
37414
82744
59027
48495
19509
55695
30249
98327
70234
37659
54357
31745
14618
26768
80746
88857
67553
38316
73654
14605
28698
70585
58795
56334
24809
35510
21681
93477
25263
12610
55857
11004
22988
79282
82371
51385
8099
91976
81626
38461
1547
22947
89277
29494
70059
51104
83294
31535
74450
410
56616
93606
30808
81516
53743
3506
66330
20113
56561
15294
68950
28219
76085
37216
93071
82617
77785
49168
62346
78942
48646
96175
34044
13378
2916
62012
58753
51328
28883
33114
31055
20397
55380
42772
3907
52027
66592
2439
3171
66815
35862
69049
33767
95286
74113
18511
71325
90646
80079
26719
36289
67740
5931
3046
49768
14317
94426
53268
56121
30392
75595
97332
86021
28514
9793
61310
84792
28970
3408
64516
2197
93886
78121
98958
38034
72559
93323
80638
64389
70633
30107
55162
64125
99870
42728
12727
39980
1068
70966
79778
90386
2783
47585
29648
73557
16097
65214
99303
35377
41701
14414
77828
64656
112
92048
83006
42238
91091
23568
87961
50552
68107
30191
49231
8016
33239
69780
80780
50802
72949
57247
8588
55237
76046
1841
29056
19630
52253
71743
83710
5144
85911
49636
10429
93769
18190
87689
94567
18274
68204
14463
86359
41543
88089
66215
95525
43614
80827
91762
57561
34222
85668
55612
52637
6266
65608
19711
79002
38000
94726
71836
97192
69453
36948
45197
91824
42239
31037
99386
24774
41858
25597
75192
97171
5604
11489
39016
44025
80989
73487
78894
83221
27786
3093
23947
85841
31504
44681
62497
95231
18442
62742
30129
34521
10134
13686
50990
24702
87776
49813
71900
20822
20596
79105
52879
90576
66430
29757
59532
83114
68327
77581
92672
93420
20935
85122
29698
60500
24453
57515
13056
21938
55824
71593
27875
78904
76068
29002
60760
92355
44963
39466
28143
10048
59155
17987
74981
24135
83188
30455
56743
52741
6533
57697
88868
6700
65135
7878
77459
46232
88476
5800
39497
42964
82902
17337
52646
6778
67835
65343
12335
29174
18897
81548
46798
84108
68755
32996
3849
594
74272
34173
43174
86925
83479
64411
50189
7314
76890
3421
63188
56282
95146
71183
91751
60093
32176
92925
37839
19299
13230
39068
4334
9890
53648
98070
35950
12337
21028
68533
66909
10631
29779
26951
37976
31960
42024
22520
71121
19729
23821
35126
21765
30660
69968
6741
97952
26186
25841
35062
91147
4760
71640
23162
49877
38782
52809
33498
80276
53252
91203
52801
93172
71450
85598
50762
43213
92151
67908
17596
15537
83610
79223
28590
43811
11755
37985
59772
14058
1639
65246
71173
21543
27338
87170
43448
79249
71112
61183
12923
47926
84640
73539
40219
70349
51331
17813
20597
39702
36784
87894
21996
13943
48396
94994
60906
38251
29120
28699
2147
46720
47324
62895
19163
46166
49335
16597
61604
54484
62087
67526
32230
9166
16628
16144
7664
24828
15194
98877
86052
62933
73884
43795
69772
63462
73238
66140
83083
51474
61299
90612
39429
74182
91058
69378
36836
87880
42922
91167
75662
72245
28075
35070
15124
47290
79141
17600
40809
99078
41437
39453
80625
3510
42337
66949
71445
83503
36278
45359
24176
97229
37555
9746
8196
98343
8045
694
98454
85020
72485
42489
39797
55790
43776
21290
76118
92777
2276
7419
6853
58664
80636
98484
13478
35056
34578
71101
39628
89533
92648
34295
42404
40393
19386
62653
42705
369
61298
34911
9048
34335
32865
5792
15885
45159
9104
99473
68447
86961
8104
31379
72617
12131
34419
70084
23949
18249
93381
89361
24980
40304
80388
71351
29133
46861
45886
47036
54061
97996
78204
89000
25846
42540
3804
36370
2146
45403
57643
92852
97574
6022
67639
40779
87521
31627
89900
17861
77469
5188
81117
72559
52491
38014
741
8497
89871
5235
91810
43652
15567
56279
29408
99736
61820
89567
61257
998
10381
6063
26876
86469
60268
76187
50320
27142
59249
50311
18700
95281
60868
43224
14896
50840
45518
10301
27070
13212
37769
82902
32042
2119
38273
57351
50774
76407
21436
55974
34874
74769
9335
64626
96799
96696
11154
53366
4009
9028
67076
34272
64008
93990
32253
67562
58163
87202
58909
44434
47542
24723
55394
57077
96187
23010
32990
32034
61365
95663
33383
97463
8307
75010
81201
78628
62863
31487
84738
66952
9852
74603
82698
93083
82917
46875
8280
40430
15725
66049
94011
92102
75296
48660
80262
11940
2028
72706
50253
63599
50383
36701
9556
99563
50952
32885
77086
6031
48081
99967
51851
89065
70082
42865
80078
39666
82143
74408
17456
30183
50430
60556
68619
58396
5613
88231
31035
11207
43615
13567
93933
41616
96483
37183
17980
602
85592
33510
25396
30156
31991
71190
61045
69448
10950
52171
66365
52817
36381
8903
48155
78651
85799
52434
58224
10063
69842
47874
46843
83494
32568
19514
23041
48398
72655
60953
35466
7891
25688
96005
38476
19402
85927
5759
13662
43440
73609
95143
5623
62823
55839
33242
45177
39576
43501
24416
10900
60161
33854
33808
40397
5711
41125
25448
82112
91260
56807
61544
33948
70563
2653
40840
81414
4660
9439
4014
4615
31800
64318
88778
19236
13811
84477
46086
88587
51475
19099
26025
29606
74309
38601
93140
94736
27043
91685
99904
36378
20055
38725
90169
20082
83280
13946
88634
74653
35590
75072
2692
37354
9576
92619
38656
40152
61737
68498
94005
