29210
46823
6267
98098
91622
96527
65704
19877
446
29422
24976
25645
90648
31443
44836
20458
64460
6705
12341
24041
16121
39859
20510
79831
60479
217
2712
29230
72141
65982
58921
92475
27301
27033
26808
13981
48933
98755
24776
3693
72386
78186
20802
13264
40531
74702
13050
19357
7359
54368
606
64003
34093
96645
10836
3462
29522
27424
63363
60984
16478
79686
24983
88608
30453
28218
26245
11284
53592
20887
47665
30631
9496
52337
59131
63692
54993
28302
66175
87698
1453
73675
30438
3941
16825
73959
19852
32063
33225
94902
54585
1628
86481
29065
5349
23259
51447
95348
75829
98653
30161
72534
989
44324
6082
84422
25081
33926
48889
32725
67310
78539
47829
7592
78640
63664
64438
93289
81251
60026
65540
57361
35112
65644
8017
66348
85392
46880
33058
57458
58060
21032
28127
17791
42676
68475
8410
69150
40140
30702
31736
6148
74703
29478
45878
21294
52197
98334
90879
46358
6033
82118
10379
72257
16724
34944
41474
15107
75011
10473
97405
9445
83347
84567
36828
70556
24521
31301
5223
32683
15884
98761
4111
80361
55972
88757
83225
31707
34582
15558
16360
67854
97607
37052
1461
71550
29032
31499
73061
65670
95675
42502
46137
6993
9074
65727
70868
90853
70936
54618
59363
32226
76455
76576
72432
62155
76216
25514
47872
56620
31486
82585
37593
70268
84639
73439
3693
81362
45667
72438
25816
15905
96587
71585
53414
33749
73697
15745
24746
18196
69348
15465
11214
65772
83100
44340
7161
8910
29689
3523
71844
51254
57943
23389
18121
76001
30297
4760
63049
19491
98288
61213
86283
34322
93018
67800
34354
75417
92644
91105
44959
12378
93647
78393
4697
36964
23178
5584
40613
71714
54607
99826
641
49224
18403
39214
92381
40026
38539
7303
99307
2955
90134
97302
53849
25237
50974
39179
71352
47959
29265
33167
94068
48512
80430
71821
61057
76123
77519
788
42628
64508
90677
1425
92406
43255
56438
37366
92307
63584
14296
97041
73494
81661
53657
31610
17944
65881
114
79700
69188
69839
97313
99884
29183
8088
92159
32178
21838
12229
98490
39823
60071
92249
37651
48112
21536
35526
18767
62728
72455
56071
68162
75530
88945
8754
39644
71394
20015
9336
23129
49308
80827
39301
28532
96943
69506
58475
11131
20475
83650
60001
6029
63696
92022
12418
82058
64948
84954
94609
78197
81683
77486
95956
58379
98835
62158
38222
22101
3438
97431
61025
49281
18947
36172
7995
86058
75189
99408
65143
10039
45533
71566
28421
65706
21265
67561
93968
54330
30326
14085
35479
59846
30560
90515
52395
47620
60327
21866
44935
2064
70225
43425
59959
71781
1236
64002
88640
78971
30926
10793
97445
91024
83328
21228
5019
40517
1086
24721
42862
80633
92470
1426
87293
19804
52017
75230
98984
97144
31349
68661
79943
59925
69677
27867
87767
37524
26451
30749
84325
20917
30133
66942
76403
36133
20430
55357
69625
50298
3713
90422
58698
52207
58457
79473
77579
97769
46283
21868
10648
51555
4722
97917
12772
28196
27094
13322
38782
25003
79474
10499
95176
5017
62924
9285
55056
2338
33003
8101
95740
40488
73584
74593
61117
81401
95358
87344
55354
58069
53419
57560
36787
59946
78326
3725
42485
21584
84899
84967
85818
45292
59788
4800
60264
48384
10387
47535
94574
50906
26938
86455
78460
7655
32465
76936
82107
27779
71806
55387
24344
49756
60697
80658
69117
65579
59135
26129
67778
35501
769
1762
75024
25166
30612
28911
69121
42588
19791
43133
75822
43681
69907
79393
32234
42152
35916
12478
72915
33802
85454
87562
40300
34899
35067
13109
41246
46446
29874
78315
12478
18284
56841
55263
73995
48748
59511
11553
39320
46273
20734
45119
81034
95997
21098
67753
44811
17791
78692
10759
21578
49636
45762
78508
22033
15842
94025
26613
57384
36786
90205
95100
87260
11734
63889
62263
60741
66452
88264
54716
53915
22697
87923
26826
37050
60982
62313
22155
37523
74567
42241
43662
7832
6983
92095
26124
64387
12854
90960
33136
70205
89439
52258
38425
91678
90437
88701
48207
57792
20269
45051
23525
61615
49541
67630
63112
58765
58085
81620
3661
17183
69453
63502
72226
84156
31878
70766
75077
83386
28694
98343
30662
24482
12877
48697
57822
20092
56462
96831
73293
95724
96158
63334
66879
86298
45125
25406
28505
73855
97588
53469
92100
52441
41253
33309
71179
61358
13176
57187
86840
26843
78945
6375
87867
87141
11237
48646
4377
42769
15127
63430
13174
70310
36830
73357
79126
31056
44793
28130
69926
13628
97978
13356
48910
51636
21978
23098
82398
2356
98328
27773
2480
12761
46696
93050
9500
24612
64457
21790
37055
58186
42975
6572
35774
96760
73576
14031
97183
56713
78050
5920
24822
56227
1851
87877
92008
8230
28290
83931
56225
36985
58529
97570
25915
49422
81715
55621
67079
44504
505
55608
91115
10
26544
22552
5584
36023
52449
29225
54171
53098
61110
87963
317
32527
96237
62086
32243
35829
14576
25417
80151
21079
55474
78694
25792
23698
62899
24258
32919
97257
28516
1
82823
11160
89928
85084
350
48187
12929
59623
38146
72503
49543
88190
59480
58227
55563
67712
24026
60363
30824
18438
8889
84472
89476
7104
40686
16950
61861
20868
50859
46493
96320
98336
47988
95156
73773
41419
54453
46357
54000
40800
63916
23738
76958
50039
75275
86928
55940
77614
45603
4864
36440
54325
14277
74506
34065
99380
99923
70226
43688
88180
44300
52099
47614
65423
49486
5211
97431
73457
12242
89482
96486
63184
88051
3803
8197
79763
70400
70130
46905
75864
49000
62856
14528
44070
69848
80742
43949
40725
49649
82015
56259
11968
33113
34882
54518
645
1409
79612
32144
65627
62587
98891
94865
97907
57912
21228
30336
59311
26537
98518
68581
63519
28736
70380
18845
43915
68781
23512
37890
36270
55081
94682
6659
83452
62744
36809
19009
63931
53469
20149
55141
85120
29381
77512
9618
4696
59484
81942
63390
3478
95249
72269
92084
9791
489
90596
45943
68775
4638
34015
9052
12324
39293
95399
65118
68855
49657
93913
7821
87760
51087
96845
38353
22091
85807
18729
29755
2181
45372
32614
84092
93509
65550
98870
94736
57195
64211
19576
26316
18015
54069
22296
63495
81166
69667
44487
83882
2707
20650
52968
2601
83445
1634
93664
75499
78867
62217
85907
18006
8118
69564
6341
75426
7956
46794
50276
88733
81921
35517
24292
79560
38654
29391
65031
48505
13906
62405
28306
33474
68773
80130
51189
85374
31913
53413
58846
59223
93650
24134
18535
2843
99535
66573
64294
14404
93072
32151
39071
27414
18612
89350
89404
72589
49291
62293
92542
65146
25561
41425
83051
63024
51466
89170
41494
16128
90509
912
43608
33710
17424
60014
1617
57650
34774
24283
5710
14005
34301
91307
14061
2411
8627
27460
88402
88920
10514
98161
78003
19616
84754
72628
640
31139
75514
85635
46659
35797
90230
82240
65974
8492
16651
92926
44888
86554
74168
51120
15005
62811
56570
98787
70416
19450
58886
3647
73978
82831
66588
9228
45743
14921
93831
46213
6191
3375
29647
38046
20945
47380
5522
21246
330
24568
42958
97704
60034
16191
27093
8158
73197
67207
14352
37053
2196
53979
95548
98963
36980
92297
622
67114
20832
54097
31148
64793
18603
65393
72962
49346
74244
1388
47152
57629
61422
99248
53989
97868
82260
86127
22158
23604
67651
13426
38483
78364
30878
27032
55364
85208
5608
78963
35012
59133
66211
38228
94710
17296
12614
72705
67751
11714
25323
3082
97189
25284
74682
12742
22189
92220
29828
19368
11034
82740
78466
64450
9194
84683
14785
52962
38712
61154
11956
85130
15821
85060
28291
92948
85770
66732
67287
75226
56574
21543
45017
76710
81980
37280
69278
68763
64428
34730
76241
12724
21067
20376
49612
92525
20792
17657
10263
19200
72877
92090
84955
99416
66812
98484
92348
118
89575
751
71134
33917
69415
24028
23099
53665
25576
21872
75412
17519
56550
68187
90935
79401
79884
85452
58389
38090
27297
7320
70697
30236
41413
57330
47154
18762
92149
10098
39097
77593
59170
19699
11322
5246
12228
46534
92268
22548
78056
59069
27449
90515
58339
28959
65347
96327
99800
23755
82010
11145
34660
59348
69802
60877
83712
48745
42100
92663
14880
1294
62874
58669
51813
57824
2726
34913
7484
6850
73554
1778
32930
92530
93165
24803
15836
26954
86922
95914
63270
70636
83855
26505
43701
41210
61440
36835
58851
28578
36055
80404
63704
73276
10857
67911
34378
93100
78044
54874
84069
6430
21388
3911
88558
38716
98164
82204
37854
33218
62992
36845
35362
98445
13595
37809
89073
81514
91114
85949
99400
32861
7193
33546
46260
41796
9677
97349
71218
75939
97908
36640
36926
5458
56325
85395
73508
36297
26980
13483
65906
26636
54684
60286
97923
72236
10409
9091
71086
25357
8451
53253
44957
82072
56366
44758
99331
14953
24004
23061
20426
38720
11068
2447
23948
69167
50776
72794
6186
80638
44763
41219
32665
30177
2943
18787
19869
74462
45822
52672
35635
38660
36890
88673
56625
29145
90504
16227
35895
47436
22531
92926
94440
99355
47434
10493
14889
47208
20966
39930
85385
52025
8637
25160
51898
12124
58102
71188
63872
43
59183
64236
1569
14507
37707
61666
10249
13419
51413
84380
58841
70512
87126
48192
3197
16333
74377
96896
65718
52564
65663
72370
50437
28228
41753
87473
88309
29797
17445
11030
79936
9325
58072
29412
41494
23547
27490
30756
62634
47811
77453
95871
3609
50878
79178
67051
21189
31749
98081
10451
13484
19687
46273
34963
73453
6199
55134
3785
77955
85380
54286
92374
68382
78458
57237
19003
97734
6790
89786
26707
57632
43727
45422
60278
10444
65921
55195
11206
97865
65193
97647
86216
22509
65007
466
89677
95691
35304
60251
23242
65547
7254
67584
84458
77711
65838
52599
73957
63763
81307
88112
63012
36466
68345
46811
26054
61903
6788
39308
18260
63225
9672
30310
14175
46525
97544
72088
50072
24229
34501
8836
44031
5177
18135
31802
26221
67737
21406
37734
29238
40435
42428
11903
68373
79038
10967
9293
83975
1753
41495
52117
2823
65364
64975
20205
15137
82809
82645
19577
83979
94773
34412
1125
39850
83587
2161
90534
13609
77966
68219
9061
81125
83059
12128
88489
96666
63098
9329
51359
78354
19011
43711
85526
43336
93108
67685
12983
77934
42111
25533
26804
57249
75798
71185
94314
35869
28651
23078
32350
90357
65565
28902
95252
62914
2989
63161
69894
22570
75399
36769
9994
611
35135
87128
30090
46618
95702
92918
21097
62862
28334
29177
31921
44473
59046
4385
87149
22043
81971
14529
75582
79324
56827
67877
19220
92926
3297
445
43478
19243
44057
62892
57847
63354
26523
37897
44263
98815
72226
39382
18674
83739
56288
31953
41649
71202
18221
9484
55549
68313
28741
15367
89916
98052
83517
86294
7939
78651
88948
581
70042
71112
10775
37913
35983
30159
55535
85606
56458
15748
622
62832
46863
49171
54006
92733
38905
85871
66594
31457
86776
73171
91874
24147
88626
40309
6010
28119
2556
165
61285
68375
6510
14958
64187
25318
68575
47067
51453
14442
66743
58508
17490
39660
17787
8559
58524
67620
4070
62575
97610
19837
18492
33983
18751
22882
104
54857
58928
71815
43213
57872
55128
28468
56905
93515
9011
99876
95627
39803
17822
17742
41311
47017
94532
85315
93672
89130
79342
92032
46166
52712
75891
94702
72257
12941
97146
27157
55693
26608
34421
11293
66164
72718
51253
52515
44948
93134
22153
56929
99109
15013
56670
42814
97617
6953
69238
35972
80595
33394
29725
17419
70403
62910
15315
61465
50696
22898
6015
4886
8628
99167
82020
61654
99964
79694
4450
96595
27289
53942
28051
86563
28787
13102
77106
19479
57205
96523
52637
88638
9345
53570
80471
95467
76836
99511
93058
20538
71171
20781
90521
978
7069
37190
81317
51379
57787
93042
40143
17657
726
9062
45986
7422
26969
44976
2429
65541
14325
30417
5058
7245
70812
51711
29769
22728
83398
94511
14322
2619
73084
49087
54878
68230
34636
47090
676
15673
55670
30014
59682
31048
85413
36384
23453
48464
70523
30367
77893
28653
86408
141
32037
83094
50915
92795
52328
95202
86072
22420
77523
76263
35201
31226
80417
79524
72625
70638
73379
28444
45579
13830
44451
53263
47452
19746
74741
18484
18052
97598
92777
45433
95305
89446
51352
15322
76643
28008
3114
18523
14344
8584
17587
89258
70014
62305
68786
8016
16301
7697
61097
73742
44844
8621
63292
87869
33164
90104
24470
86926
53798
26898
43204
16540
27661
60284
21010
36666
58703
96316
17544
97188
31857
75879
57448
9710
74207
21370
19284
81479
86974
24744
21247
14034
79750
88794
23636
72856
6963
18599
41815
18522
45459
27839
86195
71118
6436
54850
97888
35324
15621
56598
75788
52667
23591
72424
87851
82760
19570
91026
62545
41097
41171
33869
5978
69462
90369
51917
21408
52661
90891
17898
15484
99060
4043
32935
38842
18208
53479
70072
32133
542
22028
71992
99864
86577
82271
17544
1829
37797
56931
76876
36298
11028
3000
28726
43819
35784
54593
87917
41341
84756
28727
14982
63019
51851
10030
11570
22379
38200
66944
813
50654
51045
94350
79046
12140
61700
46961
13360
5202
67496
28241
18282
83395
61653
30959
53992
52465
36877
70124
760
52276
99007
16014
25342
50009
67042
29517
6688
53626
14705
50881
72100
62026
95669
4834
25317
89532
39063
35821
29925
32002
64774
31678
34092
14290
38598
37158
21365
57473
27821
45262
25202
29981
73515
53476
54361
65235
15960
93224
94349
25438
28577
82505
26511
94063
85954
92401
98002
12025
33349
91198
63307
31149
48813
60941
15483
87329
90796
38400
42090
70025
33071
93817
86795
51889
13780
98378
95798
18004
65514
72747
27343
97346
71902
62730
25882
24706
68861
10748
12991
8898
38128
49301
2006
87026
8288
77756
14500
42521
91061
16749
84381
90555
12695
16828
69991
25011
60231
27480
83996
73590
36240
56915
28010
5950
75777
54143
43162
48119
18694
28180
32907
38493
25943
72009
16199
31406
24246
57094
97184
9925
76418
64813
6711
19703
46052
26487
49217
83997
47522
71302
1597
93819
33082
39270
50634
62380
43682
87443
7183
61147
39130
40359
7044
26431
40774
17752
45103
46091
96740
50965
62953
32874
48643
96951
98870
22365
89529
30529
20897
32213
8931
21916
82358
71589
24816
88036
99152
73359
91124
67353
37004
7064
78395
11749
95039
48188
30693
31212
45389
92305
17696
15155
84539
87518
62878
73706
63751
70953
3869
94609
18164
71893
65314
59362
93423
62931
38314
13
92706
16200
22989
69071
99715
33386
66530
64537
84930
70944
12347
64324
16823
93495
45136
19872
30025
6670
21030
67172
92382
43457
38217
52932
30625
81337
77390
49599
78666
42408
12463
95557
49372
50614
37216
11905
97852
46999
60854
9427
19870
19680
61822
93334
73672
37520
34800
6882
17198
900
4549
22523
32933
93202
51874
37433
57208
87611
13605
64256
81031
28488
49760
40489
75387
43575
79987
71884
47916
21082
64884
79136
39254
41504
96352
87676
94675
44796
36582
2496
11385
86422
58401
78622
93649
65607
63358
50189
35839
99829
33814
655
80107
71898
4651
77763
35858
5596
48047
55009
10038
84284
27705
25551
25845
62011
45705
28873
72941
24809
20922
51039
32841
69418
141
30029
62481
76704
11416
45185
71182
58631
9238
84821
18835
10046
35154
56910
68712
98002
44499
56514
78288
33672
31205
70799
93747
75283
23764
74386
55894
57762
86817
55231
37292
71742
88842
12703
19408
57034
56035
82840
4313
45894
66680
82549
26793
88661
41177
89095
78534
17548
68352
86697
5294
83982
98896
37371
94519
28940
92300
98229
41150
87593
14661
10958
49216
65311
91280
70133
79804
44682
84481
19933
63217
48600
96081
19365
48403
1572
61495
5284
5581
42860
48590
58673
51869
81588
78997
82181
23531
49143
51152
41555
51394
65764
60678
46261
11507
38414
44309
24782
17181
66009
99856
10107
23479
23248
53446
18208
22980
6706
65148
63104
55906
87031
60455
91630
62818
9783
62403
45872
80365
95423
99459
19096
17859
56237
21676
2695
10827
58393
34062
50650
604
32416
15252
67207
57135
7904
70821
38516
311
10395
29972
11109
30908
79280
1255
8707
62264
33032
41670
1207
2918
55138
31756
82261
64953
94840
75375
92191
71738
64179
2918
30594
96470
10391
40084
76585
58850
34016
59806
91149
20913
79060
66457
665
28241
5972
75942
94803
41208
98009
16535
33147
64338
91186
619
94497
33112
712
84452
6597
57561
39389
28622
11767
4863
97137
12963
43614
40903
69727
87895
28739
32659
65559
69765
48318
82141
44981
44547
27648
46596
73278
73950
83317
77232
60623
15956
87054
77880
13336
71376
28506
54303
76100
80700
26985
56319
95315
73335
19281
60954
5021
15967
29382
85694
36278
63566
11430
33632
61410
30089
23885
65335
1882
83920
66737
62131
14901
18702
6563
37162
32946
42162
5696
76546
74088
30398
26643
28960
79300
11832
3537
26440
23394
38374
65241
51475
87586
90449
17471
58103
21621
81761
4400
52614
42084
95663
22056
3013
2001
55167
95093
90695
35410
445
73646
31183
99372
92364
63487
91479
71984
55891
28651
46882
67682
27602
22524
68665
43348
43479
81290
90976
70622
30403
95798
18538
94762
66239
77060
16954
52075
97336
25431
71220
61773
26994
84365
13256
44802
11803
50643
95652
716
46333
47414
36593
85612
37147
92377
88554
50008
24222
78647
11901
48035
83760
47875
1138
61644
70046
23244
22612
87433
63396
41762
48359
26667
36426
10529
76496
51484
43982
16339
77845
14416
83430
94757
28686
80557
98732
16730
53730
88187
18631
68297
65352
34553
91115
93655
48516
35041
81376
45801
92740
89027
71024
97059
9943
41687
3711
75073
63219
35217
61012
20757
79044
80383
36559
17469
31872
79599
54186
56468
66443
69222
5395
92066
26726
99691
33541
77670
52986
75805
26885
78283
70304
58951
65831
12556
46447
74721
36123
29008
6929
66822
49630
94414
81968
96482
39244
16646
91615
898
88718
6143
61674
48216
93843
89884
4288
26638
60736
8302
42977
88532
94106
28223
33172
68336
29119
60289
9530
29998
97869
23807
93771
85801
85590
70329
90444
95171
33227
46419
91645
25084
23371
43007
96171
9181
34655
42476
80977
86264
41377
49706
23908
75112
79973
77143
38357
9342
7230
85065
22563
43136
64277
27559
40207
77582
27756
53973
22398
97448
85497
80117
94429
4617
91942
29553
29913
91329
54634
531
59974
58029
75061
7000
75270
13007
64300
74350
39898
43280
36437
6609
4889
86337
24675
96647
33586
17956
76082
94608
86300
53051
29092
35694
47758
23286
66262
6104
26016
48106
56685
16516
51817
29979
7693
98679
52663
87271
93636
42635
23554
12700
36703
24772
81293
47531
27659
64675
29896
63864
12293
21719
27466
86796
85519
7432
28332
81628
43896
87146
50626
87123
14161
77329
54793
67659
35594
85480
64465
80629
72348
23592
4328
71848
49731
85743
88089
4508
20660
35753
30340
45527
54819
21625
69440
98210
81160
65078
98450
48291
53487
14186
27068
96043
77129
32584
14711
303
8054
547
98332
10459
42555
62691
96867
45922
24089
33809
64730
87669
94586
6184
98421
13567
97705
1800
6194
5106
52881
53910
19698
10065
14594
29158
86011
61459
49101
72876
45926
29129
1956
89345
25920
98765
47890
42210
67850
49134
79366
4538
92227
85832
1944
35812
80452
3905
42707
51248
84819
19403
79703
14528
39734
20351
33551
92093
86931
98369
36841
12348
93327
57700
47089
4948
24387
34762
8045
26975
72682
36683
3356
55852
36280
70178
31162
48494
89994
89555
61497
23717
68756
31318
54430
7309
98046
44382
4913
83877
49665
14732
99835
56764
40073
8059
63180
55551
49082
73359
38590
89850
32261
24459
23308
75813
39043
63234
20938
46465
62003
96612
82796
2351
16722
27900
14380
66277
87019
80783
77927
99061
33207
65418
17075
75295
41180
24908
653
36809
57157
48318
12253
36499
74703
4395
87149
73949
29504
69244
7532
18873
23889
55693
28383
25188
95223
80136
27114
83367
14128
62817
95582
72353
16689
44760
8261
78564
46116
5423
21051
68364
40781
51455
83042
55437
35080
7582
72814
49677
28341
71644
8071
61218
484
33635
96604
91802
85412
20586
16302
72468
21904
38999
10254
51311
57795
64763
54778
12820
21338
22482
10759
31513
93326
62479
19692
75787
84771
92175
59835
34148
23835
68758
58205
22828
61381
13275
31360
2661
59482
53855
279
33199
25030
72425
63356
11370
15243
16908
33763
76217
34639
13576
61623
66842
40564
2196
1463
45111
53310
92823
26834
44505
47032
65004
73347
42928
26534
95356
29978
85706
34646
92387
3666
2483
43100
41465
78111
74383
3415
2776
44872
21724
67443
97357
19686
2009
78303
92680
18100
35458
16732
38396
36703
25853
47639
3593
15558
53937
76383
25058
50307
61488
27591
92937
75407
48121
93165
78024
63814
71291
67607
13387
17886
7766
70286
28682
77174
51931
86948
13523
28135
44466
87216
66593
99259
25447
92348
91641
6834
71608
80312
97671
61653
29198
54914
91522
54039
53233
13128
40038
23338
55653
64974
12445
43724
71194
13743
20999
76530
70651
61449
18404
1418
33150
43952
75160
77195
48550
5391
17154
73633
57469
36615
69397
57006
1813
71302
40200
56607
10018
26371
65164
72104
43960
71704
35271
85743
54422
52442
23317
89067
92236
52318
22495
55606
39221
28809
56868
44712
16875
92213
14335
66584
20574
30734
43907
50708
98149
14839
95563
98806
82364
29938
32984
84766
43381
5541
94282
51508
68952
26380
86184
45282
63057
61321
68420
85507
86701
60397
10802
43878
12001
67190
83957
34051
53602
51118
94669
95007
40359
89984
38453
22219
5260
24955
17924
41686
82062
26104
6414
18743
68021
2359
53024
69542
44121
96137
21611
36726
45362
90541
62079
51366
96939
53080
98493
83342
94811
23745
81377
34935
96101
77770
56214
1464
59514
61906
41541
35066
88642
40561
25735
24893
71658
17881
20299
95144
45172
18250
8826
16347
82859
98241
52728
11353
61014
71611
1911
33890
85808
80187
24864
14009
12949
55816
12179
35989
77392
96196
22603
17963
2270
60857
73863
33715
92765
51206
41168
65099
85027
57968
87754
75938
61591
98512
64468
14195
42977
89681
79923
2715
27921
81473
46934
11419
9690
33426
38175
81
70704
14741
83730
60994
77912
51216
93406
72981
42944
66611
89404
17939
49061
67819
55664
10208
82608
84502
4215
83871
85313
45249
51440
81423
23791
99412
27110
96101
53994
77749
1170
60790
73661
24558
660
40404
56520
8103
39897
22287
99801
64271
92621
60872
49716
8499
17078
86972
31177
73162
68581
55064
60803
45626
73530
34475
26476
76230
17188
25571
46839
22589
85359
38934
50067
86322
13332
39864
27485
5216
56332
59827
21337
51463
56263
78989
96378
23250
30532
21688
91875
62653
8910
2858
5493
98743
69181
62267
82603
47208
23895
12607
63945
56336
95437
77087
87844
55397
7021
65894
76913
4558
5563
82295
48815
7831
43721
24261
44187
57030
48943
30000
9674
18047
85845
85072
53458
44300
90256
3289
86713
5464
48829
82201
87344
66532
2425
99857
18630
63426
83170
50914
33170
53629
63389
1552
69712
33947
61070
49499
82266
30341
36636
84306
96622
3283
44990
4690
34793
31010
52158
63459
49282
82883
64971
19319
79070
47127
87880
17140
91527
63020
25432
34848
37771
33313
64033
81273
63245
24978
62254
42171
26847
43498
60417
5346
76489
55582
68950
52063
33930
55392
84736
33096
75015
70961
61118
958
52992
5048
1847
5481
78056
59394
89076
21926
94385
17551
94150
29034
48761
91291
95129
52130
50235
14501
12684
44944
74105
2902
19671
95435
24054
70227
8325
76681
16379
41565
29074
54987
3286
57254
65331
2396
96564
98566
8312
71042
52555
91711
33873
48173
81641
37876
75960
9919
95153
22787
66231
63142
31708
73555
72980
99206
39082
81222
43306
67662
99024
76615
7784
48256
99554
56210
40619
45532
41567
12329
14312
80065
43678
57838
75419
57526
48532
27766
13445
55680
60071
51542
17784
99412
68443
86901
17353
72409
39097
79402
27222
54910
69219
36721
32347
55003
37125
42678
39024
23960
30244
52088
91813
57244
75519
63123
11127
53444
50896
9874
11319
20282
55253
21134
21884
56297
79122
93272
81787
22874
17111
22266
12224
10190
451
73932
22535
70951
9171
28456
53300
90149
63767
18514
92624
71599
38450
72820
18466
28297
17434
54926
82735
98226
75754
39179
81884
88447
13032
69615
40873
30050
31945
26184
46360
84270
51878
706
62996
70542
20585
95989
66185
81720
17258
28736
66661
23015
55662
55247
2912
88046
24853
95009
26115
95061
61096
59080
78594
47199
44953
38763
94655
1767
74830
52343
48018
43667
70972
12750
41850
75942
1324
67063
7366
4432
50160
74732
73177
50124
43142
78239
69074
60324
80862
32102
73030
68563
48430
62000
69000
82766
57356
73205
53554
16250
37654
39649
12457
68940
10129
42346
82210
84035
98512
21002
15580
34698
33199
72783
37015
23486
28893
69795
12961
86937
46317
26832
44897
55763
84925
83066
60644
8172
95670
80358
60482
755
42846
3812
44324
83258
96788
59447
62596
40285
17184
751
31007
79587
6957
72625
94554
50520
92937
88547
6979
27319
17740
1389
96395
21943
49662
33770
49782
3336
74320
44072
81722
95126
41348
41983
82443
24933
25306
10148
68089
12573
55637
18203
71149
37785
19826
61599
65444
47749
86059
71394
57513
29202
61579
74960
52733
86966
46499
99132
61187
49464
92691
6713
37932
80527
86855
70702
59958
93210
85870
26110
97714
2511
66305
99705
41278
37551
5972
80800
68843
77180
70078
691
40008
93892
72778
69487
41714
67567
49911
4365
73223
31736
83232
20047
64872
38296
70541
69755
91795
76745
74606
22957
22272
52243
7650
89461
64535
37644
60873
52742
30971
19968
55145
56987
87284
68591
72798
59483
23964
11756
66385
58756
93690
93030
80836
42255
26795
10557
1909
38843
93320
35233
20821
17755
46310
73440
9045
41739
76925
15250
15669
32013
28929
86673
39671
51354
28996
85647
66476
86892
11160
53720
16989
4032
21226
15165
66635
26645
70145
22453
82327
41697
44021
15713
85775
76200
79447
87180
41518
64827
59223
32178
81945
17185
6384
34037
75065
79496
351
6280
84368
39911
11917
57438
79613
6887
48094
19660
99978
70324
39683
89569
95174
8611
78592
32506
87651
99286
2984
50132
59541
47727
88952
51297
66956
61922
36046
45135
20376
83151
26181
21577
28446
46270
42067
37787
73085
55619
43694
85945
22082
82420
26560
60382
87349
62968
64703
3937
13134
24190
7986
59941
42253
45262
26638
68698
32508
75313
57185
44877
63693
92519
92734
23380
22319
18363
57933
7505
18184
28484
35993
63580
86348
95533
22354
56659
59543
38919
7125
26729
85735
40771
45686
60087
43092
27945
3444
54246
57134
61452
52619
20114
65926
86916
25081
51193
69564
34098
85562
34630
65890
92082
79859
94033
48313
52950
99322
53084
60123
51518
87896
64805
93403
25688
38985
88112
2858
42371
57412
46221
19699
42692
73428
68166
56545
72987
37836
4640
22208
80125
16503
32326
72424
26412
88679
14176
64463
93972
63716
2322
99530
12906
2619
69592
47614
14825
94029
50274
52669
81868
74684
86105
38516
90217
55464
53012
74212
81412
55095
41462
59915
59815
83899
44840
79408
93543
61088
3276
25665
13887
40352
80551
85315
48153
57556
75433
65474
29443
46874
59228
79162
44151
38568
72651
64918
13256
15988
43458
64135
17108
1744
77319
89669
73934
10276
90622
64810
38014
4531
10035
94941
26953
99076
58564
64814
92945
19807
36774
52440
7388
31591
10876
2993
88945
86740
43212
17569
56022
72416
41377
14877
67399
90207
23405
75014
53035
83824
68329
89777
73508
86735
7111
82275
90830
29090
29701
40044
56178
73910
16742
79772
58668
75473
70026
79241
87984
59890
21281
6592
64120
32919
98050
36076
20772
25897
79706
72120
64627
33062
16410
97302
9907
43228
36394
3762
33927
67946
36796
5225
61177
39863
73773
10800
93429
48663
78588
68255
28878
7704
10852
22363
28224
54423
22326
28235
57523
81977
14514
12424
26948
96825
87550
4330
83698
28300
21998
85101
8675
20866
62095
12188
7589
89088
68915
99649
69408
12788
30056
38127
89727
81254
75801
44815
69955
84977
74586
15441
20234
56410
36629
42778
86794
61449
65609
35393
87943
94651
88695
30009
81452
31717
97980
64636
28890
73673
42830
60049
18559
8891
16865
78101
87231
45610
55657
4428
30920
18143
20907
51169
61578
7781
86903
37521
17890
15588
10155
24970
82187
82488
96030
18740
73207
47928
49317
12191
19789
1654
29347
92637
22394
96131
3233
27884
58832
32666
10113
88158
23138
1190
44271
28204
78708
91632
93730
61655
50162
17739
15902
11275
89776
21249
25747
81191
6610
30227
14886
47914
65047
27205
57699
15178
19638
15852
22665
39876
47336
20181
92839
17387
37459
60286
14962
77653
3115
95738
97934
67416
74415
27700
32579
89600
24689
74592
46827
13273
221
67021
51615
24325
77572
91083
94086
56712
59910
44625
13045
25669
88704
47080
70382
9178
24824
12588
18819
52989
89754
82882
97000
29058
4572
79977
85687
13785
74180
82985
80844
38231
29522
3090
1186
13321
59718
74606
48676
28403
43790
62790
64128
57701
6482
68303
5968
76307
7972
97211
94317
67224
90026
87543
37334
70997
51561
79392
46733
27081
92179
91483
1524
14866
29178
32278
42751
37049
61864
23643
41924
79079
56989
83036
93351
41103
72098
88400
11235
64881
16856
95677
25638
1438
6301
67525
82333
61730
79097
10152
39766
6000
58546
53991
29060
34245
1614
7803
97476
75835
32845
32200
86274
59026
20667
16160
46951
16660
41189
50710
83498
4049
69646
45955
80918
26015
46062
66865
18010
6247
30780
50086
51038
13275
36297
38065
37135
79411
953
85353
11673
73587
61548
95258
27382
71909
32277
430
15290
92460
87988
19364
85681
71465
87172
29907
5309
44039
31313
17940
26758
19638
21235
86784
86335
60672
65194
5923
24410
72634
74347
41036
38054
39919
14652
31907
49422
14422
10845
58077
98372
26323
67924
92471
53185
28220
4967
64291
40586
38412
9961
4036
12336
32379
25294
20439
88113
1878
87243
54855
49402
4240
49573
47342
12831
27034
40162
67590
68393
16455
53503
9783
57193
99974
59587
64839
28428
87067
46613
86689
77765
73409
68232
42154
48865
75914
97499
50795
44100
11329
3755
61831
64756
40251
35728
99142
50687
2436
35
70481
25404
40546
19791
15094
96943
65275
81410
94511
49673
3040
21575
83248
73769
41232
68470
74851
93529
86937
95534
3956
48892
68309
79336
34384
23635
76761
63070
47806
47420
17252
30335
8210
14592
12927
66401
9168
49475
70679
28364
80580
50678
56443
95819
5043
47695
81232
76036
21531
95585
95468
31560
42515
82001
31077
20521
80496
23005
38423
98534
99041
86032
66183
10007
64030
64908
81917
86512
49929
10769
53786
67968
20017
47149
49195
9696
84297
76907
43717
66321
70514
93378
17258
54963
18349
3339
76435
74842
40816
25223
84149
48523
51863
64755
54792
86681
7730
39681
64771
37873
28308
50502
84798
32276
43896
91040
60441
84546
46590
89050
54437
73431
56769
82663
31996
6922
20026
92097
7975
70088
66035
66035
65403
42900
93099
11014
48804
30081
77367
59298
56443
56471
7553
56219
78711
13941
27066
62621
37605
69789
20446
92910
72892
13698
88502
32646
83939
73932
67291
21893
96668
80335
89084
92206
9985
84475
62730
60607
70267
22433
20634
44342
84605
42624
68735
23181
45776
18319
18790
33660
59743
66102
86313
93710
98278
14426
65671
62367
87584
6677
84959
81755
86082
10606
83299
86161
23011
77731
88057
5667
47957
99093
94854
34629
14065
74004
4774
14744
3455
70974
56814
97641
23590
81806
63520
17603
26343
57183
73731
68556
10230
83433
74165
93185
20265
90900
75930
45737
10680
19957
69046
361
46863
36843
32401
83399
18409
89380
29053
18346
89416
8610
95370
4231
82317
36560
12876
58393
37233
58219
84836
