29210
46823
6267
98098
91622
96527
65704
19877
446
29422
24976
25645
90648
31443
44836
20458
64460
6705
12341
24041
16121
39859
20510
79831
60479
217
2712
29230
72141
65982
58921
92475
27301
27033
26808
13981
48933
98755
24776
3693
72386
78186
20802
13264
40531
74702
13050
19357
7359
54368
606
64003
34093
96645
10836
3462
29522
27424
63363
60984
16478
79686
24983
88608
30453
28218
26245
11284
53592
20887
47665
30631
9496
52337
59131
63692
54993
28302
66175
87698
1453
73675
30438
3941
16825
73959
19852
32063
33225
94902
54585
1628
86481
29065
5349
23259
51447
95348
75829
98653
30161
72534
989
44324
6082
84422
25081
33926
48889
32725
67310
78539
47829
7592
78640
63664
64438
93289
81251
60026
65540
57361
35112
65644
8017
66348
85392
46880
33058
57458
58060
21032
28127
17791
42676
68475
8410
69150
40140
30702
31736
6148
74703
29478
45878
21294
52197
98334
90879
46358
6033
82118
10379
72257
16724
34944
41474
15107
75011
10473
97405
9445
83347
84567
36828
70556
24521
31301
5223
32683
15884
98761
4111
80361
55972
88757
83225
31707
34582
15558
16360
67854
97607
37052
1461
71550
29032
31499
73061
65670
95675
42502
46137
6993
9074
65727
70868
90853
70936
54618
59363
32226
76455
76576
72432
62155
76216
25514
47872
56620
31486
82585
37593
70268
84639
73439
3693
81362
45667
72438
25816
15905
96587
71585
53414
33749
73697
15745
24746
18196
69348
15465
11214
65772
83100
44340
7161
8910
29689
3523
71844
51254
57943
23389
18121
76001
30297
4760
63049
19491
98288
61213
86283
34322
93018
67800
34354
75417
92644
91105
44959
12378
93647
78393
4697
36964
23178
5584
40613
71714
54607
99826
641
49224
18403
39214
92381
40026
38539
7303
99307
2955
90134
97302
53849
25237
50974
39179
71352
47959
29265
33167
94068
48512
80430
71821
61057
76123
77519
788
42628
64508
90677
1425
92406
43255
56438
37366
92307
63584
14296
97041
73494
81661
53657
31610
17944
65881
114
79700
69188
69839
97313
99884
29183
8088
92159
32178
21838
12229
98490
39823
60071
92249
37651
48112
21536
35526
18767
62728
72455
56071
68162
75530
88945
8754
39644
71394
20015
9336
23129
49308
80827
39301
28532
96943
69506
58475
11131
20475
83650
60001
6029
63696
92022
12418
82058
64948
84954
94609
78197
81683
77486
95956
58379
98835
62158
38222
22101
3438
97431
61025
49281
18947
36172
7995
86058
75189
99408
65143
10039
45533
71566
28421
65706
21265
67561
93968
54330
30326
14085
35479
59846
30560
90515
52395
47620
60327
21866
44935
2064
70225
43425
59959
71781
1236
64002
88640
78971
30926
10793
97445
91024
83328
21228
5019
40517
1086
24721
42862
80633
92470
1426
87293
19804
52017
75230
98984
97144
31349
68661
79943
59925
69677
27867
87767
37524
26451
30749
84325
20917
30133
66942
76403
36133
20430
55357
69625
50298
3713
90422
58698
52207
58457
79473
77579
97769
46283
21868
10648
51555
4722
97917
12772
28196
27094
13322
38782
25003
79474
10499
95176
5017
62924
9285
55056
2338
33003
8101
95740
40488
73584
74593
61117
81401
95358
87344
55354
58069
53419
57560
36787
59946
78326
3725
42485
21584
84899
84967
85818
45292
59788
4800
60264
48384
10387
47535
94574
50906
26938
86455
78460
7655
32465
76936
82107
27779
71806
55387
24344
49756
60697
80658
69117
65579
59135
26129
67778
35501
769
1762
75024
25166
30612
28911
69121
42588
19791
43133
75822
43681
69907
79393
32234
42152
35916
12478
72915
33802
85454
87562
40300
34899
35067
13109
41246
46446
29874
78315
12478
18284
56841
55263
73995
48748
59511
11553
39320
46273
20734
45119
81034
95997
21098
67753
44811
17791
78692
10759
21578
49636
45762
78508
22033
15842
94025
26613
57384
36786
90205
95100
87260
11734
63889
62263
60741
66452
88264
54716
53915
22697
87923
26826
37050
60982
62313
22155
37523
74567
42241
43662
7832
6983
92095
26124
64387
12854
90960
33136
70205
89439
52258
38425
91678
90437
88701
48207
57792
20269
45051
23525
61615
49541
67630
63112
58765
58085
81620
3661
17183
69453
63502
72226
84156
31878
70766
75077
83386
28694
98343
30662
24482
12877
48697
57822
20092
56462
96831
73293
95724
96158
63334
66879
86298
45125
25406
28505
73855
97588
53469
92100
52441
41253
33309
71179
61358
13176
57187
86840
26843
78945
6375
87867
87141
11237
48646
4377
42769
15127
63430
13174
70310
36830
73357
79126
31056
44793
28130
69926
13628
97978
13356
48910
51636
21978
23098
82398
2356
98328
27773
2480
12761
46696
93050
9500
24612
64457
21790
37055
58186
42975
6572
35774
96760
73576
14031
97183
56713
78050
5920
24822
56227
1851
87877
92008
8230
28290
83931
56225
36985
58529
97570
25915
49422
81715
55621
67079
44504
505
55608
91115
10
26544
22552
5584
36023
52449
29225
54171
53098
61110
87963
317
32527
96237
62086
32243
35829
14576
25417
80151
21079
55474
78694
25792
23698
62899
24258
32919
97257
28516
1
82823
11160
89928
85084
350
48187
12929
59623
38146
72503
49543
88190
59480
58227
55563
67712
24026
60363
30824
18438
8889
84472
89476
7104
40686
16950
61861
20868
50859
46493
96320
98336
47988
95156
73773
41419
54453
46357
54000
40800
63916
23738
76958
50039
75275
86928
55940
77614
45603
4864
36440
54325
14277
74506
34065
99380
99923
70226
43688
88180
44300
52099
47614
65423
49486
5211
97431
73457
12242
89482
96486
63184
88051
3803
8197
79763
70400
70130
46905
75864
49000
62856
14528
44070
69848
80742
43949
40725
49649
82015
56259
11968
33113
34882
54518
645
1409
79612
32144
65627
62587
98891
94865
97907
57912
21228
30336
59311
26537
98518
68581
63519
28736
70380
18845
43915
68781
23512
37890
36270
55081
94682
6659
83452
62744
36809
19009
63931
53469
20149
55141
85120
29381
77512
9618
4696
59484
81942
63390
3478
95249
72269
92084
9791
489
90596
45943
68775
4638
34015
9052
12324
39293
95399
65118
68855
49657
93913
7821
87760
51087
96845
38353
22091
85807
18729
29755
2181
45372
32614
84092
93509
65550
98870
94736
57195
64211
19576
26316
18015
54069
22296
63495
81166
69667
44487
83882
2707
20650
52968
2601
83445
1634
93664
75499
78867
62217
85907
18006
8118
69564
6341
75426
7956
46794
50276
88733
81921
35517
24292
79560
38654
29391
65031
48505
13906
62405
28306
33474
68773
80130
51189
85374
31913
53413
58846
59223
93650
24134
18535
2843
99535
66573
64294
14404
93072
32151
39071
27414
18612
89350
89404
72589
49291
62293
92542
65146
25561
41425
83051
63024
51466
89170
41494
16128
90509
912
43608
33710
17424
60014
1617
57650
34774
24283
5710
14005
34301
91307
14061
2411
8627
27460
88402
88920
10514
98161
78003
19616
84754
72628
640
31139
75514
85635
46659
35797
90230
82240
65974
8492
16651
92926
44888
86554
74168
51120
15005
62811
56570
98787
70416
19450
58886
3647
73978
82831
66588
9228
45743
14921
93831
46213
6191
3375
29647
38046
20945
47380
5522
21246
330
24568
42958
97704
60034
16191
27093
8158
73197
67207
14352
37053
2196
53979
95548
98963
36980
92297
622
67114
20832
54097
31148
64793
18603
65393
72962
49346
74244
1388
47152
57629
61422
99248
53989
97868
82260
86127
22158
23604
67651
13426
38483
78364
30878
27032
55364
85208
5608
78963
35012
59133
66211
38228
94710
17296
12614
72705
67751
11714
25323
3082
97189
25284
74682
12742
22189
92220
29828
19368
11034
82740
78466
64450
9194
84683
14785
52962
38712
61154
11956
85130
15821
85060
28291
92948
85770
66732
67287
75226
56574
21543
45017
76710
81980
37280
69278
68763
64428
34730
76241
12724
21067
20376
49612
92525
20792
17657
10263
19200
72877
92090
84955
99416
66812
98484
92348
118
89575
751
71134
33917
69415
24028
23099
53665
25576
21872
75412
17519
56550
68187
90935
79401
79884
85452
58389
38090
27297
7320
70697
30236
41413
57330
47154
18762
92149
10098
39097
77593
59170
19699
11322
5246
12228
46534
92268
22548
78056
59069
27449
90515
58339
28959
65347
96327
99800
23755
82010
11145
34660
59348
69802
60877
83712
48745
42100
92663
14880
1294
62874
58669
51813
57824
2726
34913
7484
6850
73554
1778
32930
92530
93165
24803
15836
26954
86922
95914
63270
70636
83855
26505
43701
41210
61440
36835
58851
28578
36055
80404
63704
73276
10857
67911
34378
93100
78044
54874
84069
6430
21388
3911
88558
38716
98164
82204
37854
33218
62992
36845
35362
98445
13595
37809
89073
81514
91114
85949
99400
32861
7193
33546
46260
41796
9677
97349
71218
75939
97908
36640
36926
5458
56325
85395
73508
36297
26980
13483
65906
26636
54684
60286
97923
72236
10409
9091
71086
25357
8451
53253
44957
82072
56366
44758
99331
14953
24004
23061
20426
38720
11068
2447
23948
69167
50776
72794
6186
80638
44763
41219
32665
30177
2943
18787
19869
74462
45822
52672
35635
38660
36890
88673
56625
29145
90504
16227
35895
47436
22531
92926
94440
99355
47434
10493
14889
47208
20966
39930
85385
52025
8637
25160
51898
12124
58102
71188
63872
43
59183
64236
1569
14507
37707
61666
10249
13419
51413
84380
58841
70512
87126
48192
3197
16333
74377
96896
65718
52564
65663
72370
50437
28228
41753
87473
88309
29797
17445
11030
79936
9325
58072
29412
41494
23547
27490
30756
62634
47811
77453
95871
3609
50878
79178
67051
21189
31749
98081
10451
13484
19687
46273
34963
73453
6199
55134
3785
77955
85380
54286
92374
68382
78458
57237
19003
97734
6790
89786
26707
57632
43727
45422
60278
10444
65921
55195
11206
97865
65193
97647
86216
22509
65007
466
89677
95691
35304
60251
23242
65547
7254
67584
84458
77711
65838
52599
73957
63763
81307
88112
63012
36466
68345
46811
26054
61903
6788
39308
18260
63225
9672
30310
14175
46525
97544
72088
50072
24229
34501
8836
44031
5177
18135
31802
26221
67737
21406
37734
29238
40435
42428
11903
68373
79038
10967
9293
83975
1753
41495
52117
2823
65364
64975
20205
15137
82809
82645
19577
83979
94773
34412
1125
39850
83587
2161
90534
13609
77966
68219
9061
81125
83059
12128
88489
96666
63098
9329
51359
78354
19011
43711
85526
43336
93108
67685
12983
77934
42111
25533
26804
57249
75798
71185
94314
35869
28651
23078
32350
90357
65565
28902
95252
62914
2989
63161
69894
22570
75399
36769
9994
611
35135
87128
30090
46618
95702
92918
21097
62862
28334
29177
31921
44473
59046
4385
87149
22043
81971
14529
75582
79324
56827
67877
19220
92926
3297
445
43478
19243
44057
62892
57847
63354
26523
37897
44263
98815
72226
39382
18674
83739
56288
31953
41649
71202
18221
9484
55549
68313
28741
15367
89916
98052
83517
86294
7939
78651
88948
581
70042
71112
10775
37913
35983
30159
55535
85606
56458
15748
622
62832
46863
49171
54006
92733
38905
85871
66594
31457
86776
73171
91874
24147
88626
40309
6010
28119
2556
165
61285
68375
6510
14958
64187
25318
68575
47067
51453
14442
66743
58508
17490
39660
17787
8559
58524
67620
4070
62575
97610
19837
18492
33983
18751
22882
104
54857
58928
71815
43213
57872
55128
28468
56905
93515
9011
99876
95627
39803
17822
17742
41311
47017
94532
85315
93672
89130
79342
92032
46166
52712
75891
94702
72257
12941
97146
27157
55693
26608
34421
11293
66164
72718
51253
52515
44948
93134
22153
56929
99109
15013
56670
42814
97617
6953
69238
35972
80595
33394
29725
17419
70403
62910
15315
61465
50696
22898
6015
4886
8628
99167
82020
61654
99964
79694
4450
96595
27289
53942
28051
86563
28787
13102
77106
19479
57205
96523
52637
88638
9345
53570
80471
95467
76836
99511
93058
20538
71171
20781
90521
978
7069
37190
81317
51379
57787
93042
40143
17657
726
9062
45986
7422
26969
44976
2429
65541
14325
30417
5058
7245
70812
51711
29769
22728
83398
94511
14322
2619
73084
49087
54878
68230
34636
47090
676
15673
55670
30014
59682
31048
85413
36384
23453
48464
70523
30367
77893
28653
86408
141
32037
83094
50915
92795
52328
95202
86072
22420
77523
76263
35201
31226
80417
79524
72625
70638
73379
28444
45579
13830
44451
53263
47452
19746
74741
18484
18052
97598
92777
45433
95305
89446
51352
15322
76643
28008
3114
18523
14344
8584
17587
89258
70014
62305
68786
8016
16301
7697
61097
73742
44844
8621
63292
87869
33164
90104
24470
86926
53798
26898
43204
16540
27661
60284
21010
36666
58703
96316
17544
97188
31857
75879
57448
9710
74207
21370
19284
81479
86974
24744
21247
14034
79750
88794
23636
72856
6963
18599
41815
18522
45459
27839
86195
71118
6436
54850
97888
35324
15621
56598
75788
52667
23591
72424
87851
82760
19570
91026
62545
41097
41171
33869
5978
69462
90369
51917
21408
52661
90891
17898
15484
99060
4043
32935
38842
18208
53479
70072
32133
542
22028
71992
99864
86577
82271
17544
1829
37797
56931
76876
36298
11028
3000
28726
43819
35784
54593
87917
41341
84756
28727
14982
63019
51851
10030
11570
22379
38200
66944
813
50654
51045
94350
79046
12140
61700
46961
13360
5202
67496
28241
18282
83395
61653
30959
53992
52465
36877
70124
760
52276
99007
16014
25342
50009
67042
29517
6688
53626
14705
50881
72100
62026
95669
4834
25317
89532
39063
35821
29925
32002
64774
31678
34092
14290
38598
37158
21365
57473
27821
45262
25202
29981
73515
53476
54361
65235
15960
93224
94349
25438
28577
82505
26511
94063
85954
92401
98002
12025
33349
91198
63307
31149
48813
60941
15483
87329
90796
38400
42090
70025
33071
93817
86795
51889
13780
98378
95798
18004
65514
72747
27343
97346
71902
62730
25882
24706
68861
10748
12991
8898
38128
49301
2006
87026
8288
77756
14500
42521
91061
16749
84381
90555
12695
16828
69991
25011
60231
27480
83996
73590
36240
56915
28010
5950
75777
54143
43162
48119
18694
28180
32907
38493
25943
72009
16199
31406
24246
57094
97184
9925
76418
64813
6711
19703
46052
26487
49217
83997
47522
71302
1597
93819
33082
39270
50634
62380
43682
87443
7183
61147
39130
40359
7044
26431
40774
17752
45103
46091
96740
50965
62953
32874
48643
96951
98870
22365
89529
30529
20897
32213
8931
21916
82358
71589
24816
88036
99152
73359
91124
67353
37004
7064
78395
11749
95039
48188
30693
31212
45389
92305
17696
15155
84539
87518
62878
73706
63751
70953
3869
94609
18164
71893
65314
59362
93423
62931
38314
13
92706
16200
22989
69071
99715
33386
66530
64537
84930
70944
12347
64324
16823
93495
45136
19872
30025
6670
21030
67172
92382
43457
38217
52932
30625
81337
77390
49599
78666
42408
12463
95557
49372
50614
37216
11905
97852
46999
60854
9427
19870
19680
61822
93334
73672
37520
34800
6882
17198
900
4549
22523
32933
93202
51874
37433
57208
87611
13605
64256
81031
28488
49760
40489
75387
43575
79987
71884
47916
21082
64884
79136
39254
41504
96352
87676
94675
44796
36582
2496
11385
86422
58401
78622
93649
65607
63358
50189
35839
99829
33814
655
80107
71898
4651
77763
35858
5596
48047
55009
10038
84284
27705
25551
25845
62011
45705
28873
72941
24809
20922
51039
32841
69418
141
30029
62481
76704
11416
45185
71182
58631
9238
84821
18835
10046
35154
56910
68712
98002
44499
56514
78288
33672
31205
70799
93747
75283
23764
74386
55894
57762
86817
55231
37292
71742
88842
12703
19408
57034
56035
82840
4313
45894
66680
82549
26793
88661
41177
89095
78534
17548
68352
86697
5294
83982
98896
37371
94519
28940
92300
98229
41150
87593
14661
10958
49216
65311
91280
70133
79804
44682
84481
19933
63217
48600
96081
19365
48403
1572
61495
5284
5581
42860
48590
58673
51869
81588
78997
82181
23531
49143
51152
41555
51394
65764
60678
46261
11507
38414
44309
24782
17181
66009
99856
10107
23479
23248
6747
27586
25231
75324
31959
54873
31958
96473
34882
35964
45033
60895
78507
28070
2804
66533
59735
59507
44891
24425
58242
2248
16725
56660
33874
69812
11990
66956
20154
35532
5176
33103
52171
22716
38920
94210
32415
40405
97256
4621
48959
87167
26445
67158
53775
31195
77764
20211
54586
10578
83600
50509
65054
31398
86828
39652
71501
64202
65289
72542
40028
95011
12047
74711
10641
27444
8877
34063
90504
81715
44564
43733
92283
27579
61450
42891
55864
12319
94297
91380
85711
30977
48986
72745
80650
20742
91847
18731
43898
80467
37006
73817
97267
7124
28268
82091
13237
55109
8116
92278
48900
68049
95963
52699
22895
28740
87072
77131
75753
88239
59378
29621
95008
85988
20301
39563
12649
4017
57774
70989
59319
21992
48379
60756
61718
42763
37938
94374
59690
59632
76590
6535
88599
14481
75755
26490
59795
76900
84955
43678
48597
62706
38812
59064
42723
20753
77031
65214
43389
94254
63851
56553
53967
9912
91340
62078
9413
79710
46948
94274
39986
34900
40426
78327
52069
5342
34677
42773
53884
42893
15695
75477
90808
85802
2879
79792
47910
27370
27397
66173
17463
60372
94362
99545
74951
94167
87922
91632
64474
51330
36718
470
96687
30070
49525
1969
408
55046
16769
43395
94283
74651
74735
70567
88633
54988
41891
51939
47034
39121
64169
89591
18929
19405
69372
6058
61061
61252
5971
37894
91166
65081
26048
52875
1353
1564
35941
80755
30339
43880
17728
50963
43000
56529
64550
87761
35235
53188
57046
64645
44387
95895
8708
23752
6099
83706
75111
54697
1168
71616
72353
52933
3267
36059
95975
93311
19373
20318
51131
32138
73367
88566
1977
38774
16292
54553
11186
13081
26910
94655
85799
87239
1149
71409
72458
84358
429
55912
17845
5733
20222
1181
51059
30960
58313
51623
54248
75698
46090
59326
26232
67850
66083
55640
16961
43628
31426
26228
49853
50606
51992
4307
96455
62677
31312
23191
81143
78257
52746
62116
2917
73988
12015
4492
17736
61490
39385
91531
76471
68464
1200
29235
1513
78099
21611
87709
18594
53344
70624
6317
96821
10655
53761
4436
89761
22586
86830
41834
28599
20692
93444
6586
33955
33803
11789
27574
5363
92499
62462
24434
31811
59586
35425
64091
21968
19784
99295
49489
12168
12690
87430
6889
72091
14400
34026
82453
77133
57579
93797
76115
75923
60807
64886
6353
4454
43843
10282
25660
51654
59979
57469
7582
16313
11303
59468
99971
21242
23427
25676
88124
53914
41965
3996
55334
45975
37354
10797
89046
62822
35273
50034
47484
34068
36041
75780
47802
91568
5128
53689
64861
17199
24669
19990
61384
40412
37661
32334
27911
58484
77313
62266
49990
9543
24430
12333
81690
90080
34665
86907
10927
98547
34361
33081
59012
65402
64332
49420
24663
73781
81677
67134
22821
48614
51014
38771
39108
36574
99041
73741
55838
84309
30069
88038
19558
1390
87538
15895
34660
42123
33681
35570
80574
4846
7618
25602
27618
65471
37019
48045
34640
78118
63986
78340
71517
81982
98999
69858
15523
49247
10333
25662
7681
96515
91667
40466
73641
55098
67176
83822
32464
11860
17896
32771
81987
48416
18817
47279
89752
41777
50767
60789
37605
83942
86231
7917
80801
27382
8944
66164
32935
93989
55159
35144
73810
92970
30819
47158
47980
2649
71245
53114
6869
94871
40723
83120
40739
22658
23546
11258
5327
92606
24559
25831
72613
67308
54978
38030
8103
13994
26680
99704
4585
73661
88905
35781
54506
55384
21733
68714
94286
17517
12188
88221
98016
3730
15209
28993
66376
60429
99059
71733
9799
11567
3842
99938
80911
32440
84699
5979
38574
43911
74585
43287
12822
35060
6581
61998
45129
47713
19247
89986
33464
3726
50174
81706
60230
93882
47029
43582
92471
66524
76078
53161
9914
47704
81231
75432
28601
46299
56783
93076
24014
20717
62780
73895
62405
70297
53220
68104
60901
71825
26084
40831
11019
651
34654
91981
91154
59491
67841
64988
22277
59032
1599
83208
40283
62759
42586
2779
45658
25505
63314
44962
29766
66158
41165
84215
13812
71812
68142
85470
33022
10395
14990
43370
32700
22249
86605
476
4243
9261
6551
50476
7310
70436
54103
43915
74213
20750
37280
47627
97054
75850
67921
91799
32246
1534
24936
93919
16290
29282
78212
81066
62035
8619
19809
50844
40513
88785
87569
28263
66630
98493
83100
92015
72351
42625
31595
18013
6025
88272
73569
98122
74580
76813
90119
84047
64277
3261
75898
68630
10216
64487
9669
50988
68815
62973
93852
85495
67188
20590
82129
29064
79573
57578
92409
88562
38950
6673
24968
83220
19268
91657
62078
30915
52168
28204
45923
78619
32704
88394
15155
92048
51480
74602
24590
6655
69412
82090
51236
72972
80144
83431
74459
94166
32315
83103
13539
31539
97007
63783
46410
30804
34221
29945
99777
57202
86964
4477
26308
70308
2381
92687
10057
37614
91964
29738
30194
24492
33040
10218
86447
86234
20088
16321
47016
63580
67333
42465
56638
77950
29027
58869
11995
67293
52742
11379
33503
48526
65283
59622
86661
56307
15560
61608
48338
45134
1988
49365
47474
4993
26012
32204
69676
184
39061
31335
55111
25768
9150
59012
54030
82766
30480
86895
14260
58492
22240
53757
34952
39081
18473
65432
26209
18571
683
42685
40671
48953
28686
82923
6143
59699
58569
70942
64453
73219
74844
7713
48124
72951
76420
2951
60606
50309
57459
9585
8463
97643
80857
35080
26774
2757
4399
65252
29951
17871
19536
93045
25559
52441
2422
2490
88574
18102
96721
63472
92334
2196
60966
57586
33258
10289
90786
24312
29511
12408
69724
18282
82807
56677
88549
17604
48849
97129
43153
34187
61414
81695
92707
93310
95063
4478
25586
66491
18980
18070
68759
87912
74336
19133
71030
68281
11799
74294
81350
69749
58586
53203
69054
97712
75650
14401
60877
67810
65996
18084
80625
36263
22345
26610
39531
32838
30534
51658
98521
71888
75230
66988
52418
19547
42293
44717
47645
60916
30473
23674
60610
69982
6954
82323
94804
99070
16658
56082
58310
10837
39801
71067
68395
78314
13253
43023
90376
86181
24765
55430
83095
39648
77542
87548
41974
64908
72084
60404
24284
32781
73785
55841
37556
7533
81976
22636
80669
98861
3110
54924
24597
3857
88625
12012
79162
15220
19992
96355
85052
50851
52811
46456
45867
78570
87165
99048
35667
96803
77367
94461
46664
37652
44655
25228
55973
31518
24757
98989
27572
67895
94364
35859
23225
66124
96947
11910
55183
29226
3121
55530
15421
80369
53083
50087
4330
3572
3943
39747
72593
20140
97031
89680
43864
74800
65852
96361
46206
13237
72636
1237
78342
35318
34934
9692
69379
93898
93347
91928
95546
22146
24427
82173
32651
31904
48219
85610
78220
71960
58825
78108
18816
49885
63811
96222
16239
1769
51650
27505
66348
78578
91607
59741
69046
3710
56116
37734
31212
66904
3540
98143
33229
95277
77234
73606
5078
64708
45093
12558
53934
89951
48075
61190
30050
92098
27401
69800
31594
4017
95692
23151
73617
2991
65614
77166
76987
18430
43004
28466
32432
3771
5377
99516
59315
40731
83113
48071
15149
32108
10878
10179
25060
36962
64161
72085
20042
6776
91334
59569
66898
32538
37346
92214
1337
9738
84418
13227
23974
58804
89770
13060
44714
29736
52384
14401
67511
7449
55076
1190
60176
57452
13318
6869
13491
65432
57546
31880
25402
97644
76289
46791
17522
82817
25499
8070
76143
56865
62181
52846
31012
57447
84194
58650
27390
35716
92461
61773
10416
14162
70325
9360
86057
47675
80600
13773
64083
18986
90362
37244
45154
60917
51356
9353
26281
98231
72215
72856
53126
39960
34568
20688
63747
43043
52630
9320
88758
67628
42095
51195
77679
42387
33450
57236
61365
34777
44682
58520
80966
88823
53444
39735
36813
20715
10298
64527
16611
90504
20286
58952
52862
90960
27276
60651
24714
79494
13786
37776
81283
77756
60972
43540
93244
35753
1018
90221
92232
3085
37529
17045
11877
39923
6706
54347
77415
9169
6441
27545
5267
83882
23300
39021
32052
59597
57289
38172
87615
10738
26572
30498
33525
97846
58660
9755
12215
33898
57690
14887
18712
78883
4030
64470
34438
68206
56218
2340
91747
60300
79988
11993
2876
82269
52063
89742
28122
82669
2067
98072
29590
38104
60958
73284
60311
2837
46592
69455
97484
52125
40191
80884
7532
82161
22455
44677
63259
7307
57355
29428
99293
76876
60211
87494
63481
7720
86490
78712
66139
47217
35348
34155
5735
4353
44070
40251
20582
76088
97011
37765
49830
76764
68937
58865
84638
82831
74626
96787
46250
72723
20556
98596
65383
27651
81815
39820
30903
75184
38981
41710
44192
11958
82394
91115
60266
91265
5182
26688
50071
50958
17489
95153
29592
92086
72295
65078
67305
67028
3841
49050
83195
65230
23809
76408
68331
38540
69293
57942
18734
2279
62286
57965
61183
31760
95297
41373
90851
83336
53418
39484
81573
27462
94507
17661
22834
18775
90310
25108
91503
34023
87491
79795
68810
34879
80622
32874
49019
67213
40557
70383
31720
26567
40663
52844
32259
12423
46572
63222
69426
51088
21018
55687
69988
1770
92279
31701
5385
24376
69135
13812
10454
21290
80599
75400
43638
55370
41996
31191
34017
32573
95341
44563
80387
51546
29522
55098
93964
29324
97091
84184
1943
92281
19391
6941
99056
59307
51038
63937
96832
71502
34814
94710
58300
41296
58160
12915
59088
56536
94609
14416
54957
6662
26401
16905
92140
25286
57614
84534
36159
99906
11947
62125
2892
39934
34532
34774
34599
43518
65440
44723
6260
66508
87486
7832
28577
72528
33504
15422
92611
56310
58093
23873
27068
63480
21972
76720
18157
91950
37116
79643
14297
18734
18479
15225
30910
46775
62279
87366
45236
45336
87967
50138
60534
80541
84879
73573
10108
92363
14495
50678
92279
78243
48656
47409
99889
1389
88233
29753
12191
52272
29455
22391
48365
66463
3324
98123
22846
38283
24392
21542
60599
89179
23541
84771
39827
49647
97065
55914
48290
10131
1395
76680
468
3568
40286
44993
63187
90685
47828
28643
88125
10971
75281
95267
42567
1450
85359
43805
62831
98469
53816
86351
89852
18814
24601
15086
93039
44233
5818
66178
61772
57067
86793
44583
46000
14145
36138
89511
96149
9165
49952
67702
80233
69192
57777
31041
11297
96872
51014
76034
37738
11195
65399
25110
415
16471
8696
16078
50712
82141
87308
92860
25909
36115
83392
54593
18997
76795
66006
16913
61589
51255
64661
23849
73068
89548
80509
96827
93159
47758
53387
27713
19742
91832
62128
88447
51606
93645
19429
41717
72509
29111
55796
64809
45620
64782
36556
22688
32999
23692
64598
72886
16129
41396
42605
84344
83120
96146
16894
53442
77348
90012
4437
38385
21924
34514
63618
20850
59413
18692
35960
23072
52095
95349
80070
20736
60449
8098
10790
21592
27537
39320
40944
72200
31830
28185
41912
46484
84935
53433
90970
29539
54945
44257
10959
51027
10105
92721
19636
37127
78486
43545
88086
87856
25074
7495
75978
53648
94750
61777
78924
5849
23066
37536
64719
15128
76234
68406
31953
65835
97137
65797
75506
98704
86492
77096
34116
71392
21507
65163
42079
53431
33917
32284
3965
30066
2840
25645
88230
96258
31505
94644
89549
10386
67398
21777
60683
33467
57814
56179
31035
22129
93376
44543
73804
40174
90576
38743
34281
87262
32374
61714
32634
29451
76548
54937
63239
61764
36580
24560
94341
30393
68448
20450
46318
41595
21625
43853
6061
87713
92525
6723
54584
87957
63321
24830
55502
84642
82412
92896
74506
70682
15352
5849
54859
26983
55788
189
35190
63139
37509
4345
53280
13057
30184
57183
22862
38235
21086
74681
33638
29767
28087
11154
74610
11025
39555
51317
88114
45913
96407
11777
43259
49432
40652
4200
69731
16362
14883
44441
41464
7344
6676
1901
68393
3847
54001
92575
84974
96146
86175
58364
46214
49780
47674
78916
68551
71982
94470
77486
97038
80852
95283
89299
69056
563
31471
54085
24846
91617
35728
79659
42452
75761
2857
40582
76434
2820
62011
71736
82064
17977
8599
25435
40754
70427
69485
22698
98076
42218
4803
27942
11047
51390
26998
97949
61007
36778
54089
57118
61888
83571
4208
89704
34277
81351
8448
63989
87339
6719
82342
25582
12200
55032
27270
68706
94444
63920
6930
62000
25943
34385
93292
39365
28908
53308
44431
62883
73803
69397
44632
13082
65296
99711
36486
14496
81947
68637
92160
81598
86743
71698
85367
57627
82014
52042
90470
52695
57113
5845
4190
25540
59622
30604
28429
31207
73013
28115
58654
88839
31878
44027
47938
17143
14992
21206
14053
93116
87746
53077
61008
84648
12633
27462
71621
24790
23291
41298
80770
35697
2016
3460
23270
65601
89109
18816
24079
29794
88800
54463
75675
85560
75676
91697
37829
90958
56122
63591
18989
83580
78266
83081
16505
14822
93910
23483
64847
22001
65430
7867
89979
55060
38751
4533
99164
5392
60259
28755
99614
55155
34170
30174
33929
94200
65588
90913
44635
61734
49146
46112
18698
67542
9012
67911
25010
21172
46955
9469
54975
37512
27046
10468
74519
78706
82302
67993
97728
4819
86334
93747
80851
80746
66482
43310
62218
26471
92549
45738
78380
1780
78295
31928
36136
14813
73391
96327
30256
52120
4774
58569
15272
79813
87301
98735
60062
95632
11894
60303
62306
84499
70463
15424
63513
39118
66956
72923
33520
22767
34928
30712
74829
61047
20763
38498
86153
2209
15853
21537
79343
41178
45053
47325
64135
3036
18557
69757
6865
58067
661
13737
10187
49455
98314
51142
50561
74341
49269
80778
82009
4984
25511
53742
369
11240
99518
27310
5793
5042
81546
79881
72456
74225
1035
2766
47142
12930
50184
37772
44604
85984
85388
22478
5634
1077
52084
95241
63525
55956
55467
1115
83886
1451
71348
66453
47781
79135
94764
84148
77965
27405
19986
71510
1279
24582
26454
29687
68791
94142
68780
65059
15999
33865
3023
30097
92231
75022
65634
56903
96017
7172
63908
72783
20226
22929
42003
46258
24861
51169
39704
73479
64468
52548
68420
55398
89800
59261
61017
77423
50526
9087
25336
85179
68259
49949
4250
55949
6725
56834
82438
86060
48326
49019
55216
66616
48306
67575
9806
82630
65052
77638
58012
28607
78094
21748
99046
14449
30924
32899
37067
65445
20255
68466
49371
12640
78647
21581
94896
93843
2880
76737
94493
59329
10368
98868
28198
33254
12646
19682
25042
120
59027
98970
66378
18121
17136
88411
50998
23933
16542
4944
72312
44847
29136
85126
77504
68522
93332
66494
37994
737
47484
5795
82469
52224
57898
84790
85696
52827
45164
66907
4392
93785
80666
11960
34323
63139
40619
76858
63663
13544
20610
91965
28066
35272
34526
23053
2322
85155
30477
93415
90882
51486
47590
4175
51332
82233
52503
12835
91981
91692
92189
5882
14611
93902
4994
93234
58972
25224
65565
22026
96573
93083
98847
61564
39190
48469
58548
14298
58639
22242
32517
45667
22436
31769
67005
24536
59319
40587
26878
51372
1910
89166
82583
68527
84354
83189
91354
70395
53143
71439
48387
2678
24111
57369
17112
70806
57349
35707
46471
81896
23587
73760
44523
23857
58595
72974
35528
88364
74413
35586
11294
10057
24093
55971
92571
51979
61089
32604
38060
71796
36862
75838
89425
88322
99104
32042
32284
52909
70983
71450
28771
45874
76262
28561
10846
1690
2583
68312
733
86564
90701
68099
98220
35969
11654
52033
72598
96375
80782
87645
55549
68813
55696
48096
63642
85323
71434
43863
20004
73073
31045
98937
80424
65679
11254
84105
35517
29208
27748
37151
63992
61377
11342
37339
38395
82816
28552
22609
11159
10839
39870
54004
94373
42306
62954
41827
32820
4101
25696
8396
32749
9125
44384
87500
49052
90775
75374
94223
42847
37185
87671
43849
12484
36288
12306
84052
91150
74825
57019
98287
62415
91226
45719
20053
21035
61525
10802
59974
60778
86319
67241
79362
41418
2769
94204
72331
98769
36044
74975
47463
82991
31642
52571
7030
95354
49409
74762
