29210
46823
6267
98098
91622
96527
65704
19877
446
29422
24976
25645
90648
31443
44836
20458
64460
6705
12341
24041
16121
39859
20510
79831
60479
217
2712
29230
72141
65982
58921
92475
27301
27033
26808
13981
48933
98755
24776
3693
72386
78186
20802
13264
40531
74702
13050
19357
7359
54368
606
64003
34093
96645
10836
3462
29522
27424
63363
60984
16478
79686
24983
88608
30453
28218
26245
11284
53592
20887
47665
30631
9496
52337
59131
63692
54993
28302
66175
87698
1453
73675
30438
3941
16825
73959
19852
32063
33225
94902
54585
1628
86481
29065
5349
23259
51447
95348
75829
98653
30161
72534
989
44324
6082
84422
25081
33926
48889
32725
67310
78539
47829
7592
78640
63664
64438
93289
81251
60026
65540
57361
35112
65644
8017
66348
85392
46880
33058
57458
58060
21032
28127
17791
42676
68475
8410
69150
40140
30702
31736
6148
74703
29478
45878
21294
52197
98334
90879
46358
6033
82118
10379
72257
16724
34944
41474
15107
75011
10473
97405
9445
83347
84567
36828
70556
24521
31301
5223
32683
15884
98761
4111
80361
55972
88757
83225
31707
34582
15558
16360
67854
97607
37052
1461
71550
29032
31499
73061
65670
95675
42502
46137
6993
9074
65727
70868
90853
70936
54618
59363
32226
76455
76576
72432
62155
76216
25514
47872
56620
31486
82585
37593
70268
84639
73439
3693
81362
45667
72438
25816
15905
96587
71585
53414
33749
73697
15745
24746
18196
69348
15465
11214
65772
83100
44340
7161
8910
29689
3523
71844
51254
57943
23389
18121
76001
30297
4760
63049
19491
98288
61213
86283
34322
93018
67800
34354
75417
92644
91105
44959
12378
93647
78393
4697
36964
23178
5584
40613
71714
54607
99826
641
49224
18403
39214
92381
40026
38539
7303
99307
2955
90134
97302
53849
25237
50974
39179
71352
47959
29265
33167
94068
48512
80430
71821
61057
76123
77519
788
42628
64508
90677
1425
92406
43255
56438
37366
92307
63584
14296
97041
73494
81661
53657
31610
17944
65881
114
79700
69188
69839
97313
99884
29183
8088
92159
32178
21838
12229
98490
39823
60071
92249
37651
48112
21536
35526
18767
62728
72455
56071
68162
75530
88945
8754
39644
71394
20015
9336
23129
49308
80827
39301
28532
96943
69506
58475
11131
20475
83650
60001
6029
63696
92022
12418
82058
64948
84954
94609
78197
81683
77486
95956
58379
98835
62158
38222
22101
3438
97431
61025
49281
18947
36172
7995
86058
75189
99408
65143
10039
45533
71566
28421
65706
21265
67561
93968
54330
30326
14085
35479
59846
30560
90515
52395
47620
60327
21866
44935
2064
70225
43425
59959
71781
1236
64002
88640
78971
30926
10793
97445
91024
83328
21228
5019
40517
1086
24721
42862
80633
92470
1426
87293
19804
52017
75230
98984
97144
31349
68661
79943
59925
69677
27867
87767
37524
26451
30749
84325
20917
30133
66942
76403
36133
20430
55357
69625
50298
3713
90422
58698
52207
58457
79473
77579
97769
46283
21868
10648
51555
4722
97917
12772
28196
27094
13322
38782
25003
79474
10499
95176
5017
62924
9285
55056
2338
33003
8101
95740
40488
73584
74593
61117
81401
95358
87344
55354
58069
53419
57560
36787
59946
78326
3725
42485
21584
84899
84967
85818
45292
59788
4800
60264
48384
10387
47535
94574
50906
26938
86455
78460
7655
32465
76936
82107
27779
71806
55387
24344
49756
60697
80658
69117
65579
59135
26129
67778
35501
769
1762
75024
25166
30612
28911
69121
42588
19791
43133
75822
43681
69907
79393
32234
42152
35916
12478
72915
33802
85454
87562
40300
34899
35067
13109
41246
46446
29874
78315
12478
18284
56841
55263
73995
48748
59511
11553
39320
46273
20734
45119
81034
95997
21098
67753
44811
17791
78692
10759
21578
49636
45762
78508
22033
15842
94025
26613
57384
36786
90205
95100
87260
11734
63889
62263
60741
66452
88264
54716
53915
22697
87923
26826
37050
60982
62313
22155
37523
74567
42241
43662
7832
6983
92095
26124
64387
12854
90960
33136
70205
89439
52258
38425
91678
90437
88701
48207
57792
20269
45051
23525
61615
49541
67630
63112
58765
58085
81620
3661
17183
69453
63502
72226
84156
31878
70766
75077
83386
28694
98343
30662
24482
12877
48697
57822
20092
56462
96831
73293
95724
96158
63334
66879
86298
45125
25406
28505
73855
97588
53469
92100
52441
41253
33309
71179
61358
13176
57187
86840
26843
78945
6375
87867
87141
11237
48646
4377
42769
15127
63430
13174
70310
36830
73357
79126
31056
44793
28130
69926
13628
97978
13356
48910
51636
21978
23098
82398
2356
98328
27773
2480
12761
46696
93050
9500
24612
64457
21790
37055
58186
42975
6572
35774
96760
73576
14031
97183
56713
78050
5920
24822
56227
1851
87877
92008
8230
28290
83931
56225
36985
58529
97570
25915
49422
81715
55621
67079
44504
505
55608
91115
10
26544
22552
5584
36023
52449
29225
54171
53098
61110
87963
317
32527
96237
62086
32243
35829
14576
25417
80151
21079
55474
78694
25792
23698
62899
24258
32919
97257
28516
1
82823
11160
89928
85084
350
48187
12929
59623
38146
72503
49543
88190
59480
58227
55563
67712
24026
60363
30824
18438
8889
84472
89476
7104
40686
16950
61861
20868
50859
46493
96320
98336
47988
95156
73773
41419
54453
46357
54000
40800
63916
23738
76958
50039
75275
86928
55940
77614
45603
4864
36440
54325
14277
74506
34065
99380
99923
70226
43688
88180
44300
52099
47614
65423
49486
5211
97431
73457
12242
89482
96486
63184
88051
3803
8197
79763
70400
70130
46905
75864
49000
62856
14528
44070
69848
80742
43949
40725
49649
82015
56259
11968
33113
34882
54518
645
1409
79612
32144
65627
62587
98891
94865
97907
57912
21228
30336
59311
26537
98518
68581
63519
28736
70380
18845
43915
68781
23512
37890
36270
55081
94682
6659
83452
62744
36809
19009
63931
53469
20149
55141
85120
29381
77512
9618
4696
59484
81942
63390
3478
95249
72269
92084
9791
489
90596
45943
68775
4638
34015
9052
12324
39293
95399
65118
68855
49657
93913
7821
87760
51087
96845
38353
22091
85807
18729
29755
2181
45372
32614
84092
93509
65550
98870
94736
57195
64211
19576
26316
18015
54069
22296
63495
81166
69667
44487
83882
2707
20650
52968
2601
83445
1634
93664
75499
78867
62217
85907
18006
8118
69564
6341
75426
7956
46794
50276
88733
81921
35517
24292
79560
38654
29391
65031
48505
13906
62405
28306
33474
68773
80130
51189
85374
31913
53413
58846
59223
93650
24134
18535
2843
99535
66573
64294
14404
93072
32151
39071
27414
18612
89350
89404
72589
49291
62293
92542
65146
25561
41425
83051
63024
51466
89170
41494
16128
90509
912
43608
33710
17424
60014
1617
57650
34774
24283
5710
14005
34301
91307
14061
2411
8627
27460
88402
88920
10514
98161
78003
19616
84754
72628
640
31139
75514
85635
46659
35797
90230
82240
65974
8492
16651
92926
44888
86554
74168
51120
15005
62811
56570
98787
70416
19450
58886
3647
73978
82831
66588
9228
45743
14921
93831
46213
6191
3375
29647
38046
20945
47380
5522
21246
330
24568
42958
97704
60034
16191
27093
8158
73197
67207
14352
37053
2196
53979
95548
98963
36980
92297
622
67114
20832
54097
31148
64793
18603
65393
72962
49346
74244
1388
47152
57629
61422
99248
53989
97868
82260
86127
22158
23604
67651
13426
38483
78364
30878
27032
55364
85208
5608
78963
35012
59133
66211
38228
94710
17296
12614
72705
67751
11714
25323
3082
97189
25284
74682
12742
22189
92220
29828
19368
11034
82740
78466
64450
9194
84683
14785
52962
38712
61154
11956
85130
15821
85060
28291
92948
85770
66732
67287
75226
56574
21543
45017
76710
81980
37280
69278
68763
64428
34730
76241
12724
21067
20376
49612
92525
20792
17657
10263
19200
72877
92090
84955
99416
66812
98484
92348
118
89575
751
71134
33917
69415
24028
23099
53665
25576
21872
75412
17519
56550
68187
90935
79401
79884
85452
58389
38090
27297
7320
70697
30236
41413
57330
47154
18762
92149
10098
39097
77593
59170
19699
11322
5246
12228
46534
92268
22548
78056
59069
27449
90515
58339
28959
65347
96327
99800
23755
82010
11145
34660
59348
69802
60877
83712
48745
42100
92663
14880
1294
62874
58669
51813
57824
2726
34913
7484
6850
73554
1778
32930
92530
93165
24803
15836
26954
86922
95914
63270
70636
83855
26505
43701
41210
61440
36835
58851
28578
36055
80404
63704
73276
10857
67911
34378
93100
78044
54874
84069
6430
21388
3911
88558
38716
98164
82204
37854
33218
62992
36845
35362
98445
13595
37809
89073
81514
91114
85949
99400
32861
7193
33546
46260
41796
9677
97349
71218
75939
97908
36640
36926
5458
56325
85395
73508
36297
26980
13483
65906
26636
54684
60286
97923
72236
10409
9091
71086
25357
8451
53253
44957
82072
56366
44758
99331
14953
24004
23061
20426
38720
11068
2447
23948
69167
50776
72794
6186
80638
44763
41219
32665
30177
2943
18787
19869
74462
45822
52672
35635
38660
36890
88673
56625
29145
90504
16227
35895
47436
22531
92926
94440
99355
47434
10493
14889
47208
20966
39930
85385
52025
8637
25160
51898
12124
58102
71188
63872
43
59183
64236
1569
14507
37707
61666
10249
13419
51413
84380
58841
70512
87126
48192
3197
16333
74377
96896
65718
52564
65663
72370
50437
28228
41753
87473
88309
29797
17445
11030
79936
9325
58072
29412
41494
23547
27490
30756
62634
47811
77453
95871
3609
50878
79178
67051
21189
31749
98081
10451
13484
19687
46273
34963
73453
6199
55134
3785
77955
85380
54286
92374
68382
78458
57237
19003
97734
6790
89786
26707
57632
43727
45422
60278
10444
65921
55195
11206
97865
65193
97647
86216
22509
65007
466
89677
95691
35304
60251
23242
65547
7254
67584
84458
77711
65838
52599
73957
63763
81307
88112
63012
36466
68345
46811
26054
61903
6788
39308
18260
63225
9672
30310
14175
46525
97544
72088
50072
24229
34501
8836
44031
5177
18135
31802
26221
67737
21406
37734
29238
40435
42428
11903
68373
79038
10967
9293
83975
1753
41495
52117
2823
65364
64975
20205
15137
82809
82645
19577
83979
94773
34412
1125
39850
83587
2161
90534
13609
77966
68219
9061
81125
83059
12128
88489
96666
63098
9329
51359
78354
19011
43711
85526
43336
93108
67685
12983
77934
42111
25533
26804
57249
75798
71185
94314
35869
28651
23078
32350
90357
65565
28902
95252
62914
2989
63161
69894
22570
75399
36769
9994
611
35135
87128
30090
46618
95702
92918
21097
62862
28334
29177
31921
44473
59046
4385
87149
22043
81971
14529
75582
79324
56827
67877
19220
92926
3297
445
43478
19243
44057
62892
57847
63354
26523
37897
44263
98815
72226
39382
18674
83739
56288
31953
41649
71202
18221
9484
55549
68313
28741
15367
89916
98052
83517
86294
7939
78651
88948
581
70042
71112
10775
37913
35983
30159
55535
85606
56458
15748
622
62832
46863
49171
54006
92733
38905
85871
66594
31457
86776
73171
91874
24147
88626
40309
6010
28119
2556
165
61285
68375
6510
14958
64187
25318
68575
47067
51453
14442
66743
58508
17490
39660
17787
8559
58524
67620
4070
62575
97610
19837
18492
33983
18751
22882
104
54857
58928
71815
43213
57872
55128
28468
56905
93515
9011
99876
95627
39803
17822
17742
41311
47017
94532
85315
93672
89130
79342
92032
46166
52712
75891
94702
72257
12941
97146
27157
55693
26608
34421
11293
66164
72718
51253
52515
44948
93134
22153
56929
99109
15013
56670
42814
97617
6953
69238
35972
80595
33394
29725
17419
70403
62910
15315
61465
50696
22898
6015
4886
8628
99167
82020
61654
99964
79694
4450
96595
27289
53942
28051
86563
28787
13102
77106
19479
57205
96523
52637
88638
9345
53570
80471
95467
76836
99511
93058
20538
71171
20781
90521
978
7069
37190
81317
51379
57787
93042
40143
17657
726
9062
45986
7422
26969
44976
2429
65541
14325
30417
5058
7245
70812
51711
29769
22728
83398
94511
14322
2619
73084
49087
54878
68230
34636
47090
676
15673
55670
30014
59682
31048
85413
36384
23453
48464
70523
30367
77893
28653
86408
141
32037
83094
50915
92795
52328
95202
86072
22420
77523
76263
35201
31226
80417
79524
72625
70638
73379
28444
45579
13830
44451
53263
47452
19746
74741
18484
18052
97598
92777
45433
95305
89446
51352
15322
76643
28008
3114
18523
14344
8584
17587
89258
70014
62305
68786
8016
16301
7697
61097
73742
44844
8621
63292
87869
33164
90104
24470
86926
53798
26898
43204
16540
27661
60284
21010
36666
58703
96316
17544
97188
31857
75879
57448
9710
74207
21370
19284
81479
86974
24744
21247
14034
79750
88794
23636
72856
6963
18599
41815
18522
45459
27839
86195
71118
6436
54850
97888
35324
15621
56598
75788
52667
23591
72424
87851
82760
19570
91026
62545
41097
41171
33869
5978
69462
90369
51917
21408
52661
90891
17898
15484
99060
4043
32935
38842
18208
53479
70072
32133
542
22028
71992
99864
86577
82271
17544
1829
37797
56931
76876
36298
11028
3000
28726
43819
35784
54593
87917
41341
84756
28727
14982
63019
51851
10030
11570
22379
38200
66944
813
50654
51045
94350
79046
12140
61700
46961
13360
5202
67496
28241
18282
83395
61653
30959
53992
52465
36877
70124
760
52276
99007
16014
25342
50009
67042
29517
6688
53626
14705
50881
72100
62026
95669
4834
25317
89532
39063
35821
29925
32002
64774
31678
34092
14290
38598
37158
21365
57473
27821
45262
25202
29981
73515
53476
54361
65235
15960
93224
94349
25438
28577
82505
26511
94063
85954
92401
98002
12025
33349
91198
63307
31149
48813
60941
15483
87329
90796
38400
42090
70025
33071
93817
86795
51889
13780
98378
95798
18004
65514
72747
27343
97346
71902
62730
25882
24706
68861
10748
12991
8898
38128
49301
2006
87026
8288
77756
14500
42521
91061
16749
84381
90555
12695
16828
69991
25011
60231
27480
83996
73590
36240
56915
28010
5950
75777
54143
43162
48119
18694
28180
32907
38493
25943
72009
16199
31406
24246
57094
97184
9925
76418
64813
6711
19703
46052
26487
49217
83997
47522
71302
1597
93819
33082
39270
50634
62380
43682
87443
7183
61147
39130
40359
7044
26431
40774
17752
45103
46091
96740
50965
62953
32874
48643
96951
98870
22365
89529
30529
20897
32213
8931
21916
82358
71589
24816
88036
99152
73359
91124
67353
37004
7064
78395
11749
95039
48188
30693
31212
45389
92305
17696
15155
84539
87518
62878
73706
63751
70953
3869
94609
18164
71893
65314
59362
93423
62931
38314
13
92706
16200
22989
69071
99715
33386
66530
64537
84930
70944
12347
64324
16823
93495
45136
19872
30025
6670
21030
67172
92382
43457
38217
52932
30625
81337
77390
49599
78666
42408
12463
95557
49372
50614
37216
11905
97852
46999
60854
9427
19870
19680
61822
93334
73672
37520
34800
6882
17198
900
4549
22523
32933
93202
51874
37433
57208
87611
13605
64256
81031
28488
49760
40489
75387
43575
79987
71884
47916
21082
64884
79136
39254
41504
96352
87676
94675
44796
36582
2496
11385
86422
58401
78622
93649
65607
63358
50189
35839
99829
33814
655
80107
71898
4651
77763
35858
5596
48047
55009
10038
84284
27705
25551
25845
62011
45705
28873
72941
24809
20922
51039
32841
69418
141
30029
62481
76704
11416
45185
71182
58631
9238
84821
18835
10046
35154
56910
68712
98002
44499
56514
78288
33672
31205
70799
93747
75283
23764
74386
55894
57762
86817
55231
37292
71742
88842
12703
19408
57034
56035
82840
4313
45894
66680
82549
26793
88661
41177
89095
78534
17548
68352
86697
5294
83982
98896
37371
94519
28940
92300
98229
41150
87593
14661
10958
49216
65311
91280
70133
79804
44682
84481
19933
63217
48600
96081
19365
48403
1572
61495
5284
5581
42860
48590
58673
51869
81588
78997
82181
23531
49143
51152
41555
51394
65764
60678
46261
11507
38414
44309
24782
17181
66009
99856
10107
23479
23248
58880
49803
39171
25437
11815
66172
44213
23786
97610
48699
69503
31535
72600
4964
26599
1617
17014
80220
28018
68857
19015
18108
13697
16347
77740
95534
68879
75898
86526
15332
4404
14387
83581
12025
8108
29702
40319
15634
20802
51709
94374
18453
23494
12680
35715
64250
7595
83585
49396
21669
43329
86840
61587
19262
62337
85895
17050
5808
76167
90175
85471
38204
58799
54697
67091
41877
48485
46042
38881
58479
45400
2981
84625
19521
99110
14168
16937
1389
8779
9496
73414
6108
96254
38501
432
67219
39100
11876
46501
52827
80816
35802
82872
93309
51615
50059
59819
51127
90767
12732
91828
11032
70794
58580
15002
15060
88621
90149
71561
5898
66124
90606
7849
47499
51444
3930
84474
24810
91563
52435
80949
118
91628
21331
75104
94102
62672
14645
18349
82766
57958
13515
23032
67661
34011
79554
746
8281
85448
68167
52051
50417
45201
27690
63998
33685
8756
49327
82021
37035
50757
18114
22756
81601
4360
22085
71877
7113
46463
70392
57307
9109
43855
44717
4145
87003
14094
4137
72827
81696
4226
2566
92936
24692
88114
40952
2806
78963
37177
9381
5465
34912
85056
38907
18225
36258
53239
23503
35227
31896
27322
52437
90073
41723
66539
72975
61069
62743
26818
90299
14113
50011
92369
82904
85563
21313
42238
23743
32249
68139
14842
7730
8637
83922
92970
36434
12959
19203
10979
19588
9354
43449
63386
43871
95923
53723
29646
54140
52286
94226
5190
61916
87830
85339
56917
28352
26848
71071
18447
43759
57220
30831
35671
28259
53436
43706
66506
39381
59907
43047
62675
91651
63205
30039
79720
4497
46742
50805
12243
10018
26303
28122
60698
97701
69925
62714
42659
91112
36181
34177
48321
63451
524
99284
62297
70540
47237
66225
67998
73138
98503
1058
36162
77740
91208
19320
76909
82828
37674
18895
22048
11702
15913
92842
27960
79990
71563
88707
67439
30613
40656
85132
41552
82270
75671
12975
85338
62703
43568
39238
24598
33070
20863
47498
76062
73420
72223
60309
77966
16321
7699
8974
5795
47922
35355
72582
40998
20046
8210
66681
90264
24385
91274
75164
90628
2434
51623
40376
14002
33876
58508
97678
19978
50731
14532
16178
48011
4947
20336
74550
44336
18572
53298
41626
81648
35319
34629
61967
40631
58567
9197
89525
82547
44520
50239
11781
62626
28161
72679
40266
41677
25431
88605
17395
27723
73228
45760
38919
70134
47188
67640
55577
63042
25564
95718
11522
31458
40986
44512
75615
49468
15946
51959
31208
67152
63778
67057
90229
71663
58349
25381
93114
12255
1919
65753
92956
22718
27937
76600
19590
32967
40980
93340
73014
37162
34446
62164
12655
44210
68754
96659
62044
66809
68557
1984
82966
67002
19156
64382
92248
42183
25704
57578
71167
88581
44733
8364
97562
71305
48661
49437
26135
54477
20241
66996
3793
23569
65853
6532
76332
42785
11012
63867
82887
85442
9594
53582
655
56818
79968
13436
18536
6013
79998
86016
33740
89267
95027
55075
55804
63733
97678
61439
54031
26998
89375
99284
35861
27159
21536
94737
772
4952
55296
65302
33968
15148
66668
79064
24803
5165
59275
85220
96537
71757
33275
34785
92461
97901
5675
50521
67215
39473
77186
37464
33931
92974
71240
69605
58345
26195
42305
21186
42871
76682
8117
64078
18148
85068
21217
4468
99501
59030
89232
90351
75598
62038
89796
14423
55844
80713
66610
41589
91029
4736
60853
35271
76833
92020
83051
48255
29088
58476
9825
47371
90561
63208
18737
18411
64556
91418
596
45192
93576
52029
47537
85279
67953
32927
85481
18298
83443
65558
74359
35726
28266
89514
45023
6371
62277
66993
96781
12814
88219
96246
52639
33992
57690
60703
72810
99927
86357
79212
22620
21359
53057
2727
3302
40351
99230
25047
83459
67978
26869
1262
85056
80748
56225
94914
16324
51696
99474
31981
62836
51303
22682
20839
61897
94717
49431
82169
74254
87568
50125
68085
10253
10047
77044
4233
13196
69508
48610
98302
59864
64860
65000
18716
14055
68514
70067
23329
3581
31581
15989
28631
30013
86997
63397
3176
62128
66632
34587
72096
14920
79369
20571
11800
90640
87190
42742
8023
16487
94565
59907
17766
40224
44922
9273
58779
72854
3311
12774
33037
55755
93992
88749
57034
63483
28415
7982
49743
12753
5117
45321
21154
34331
45497
67317
49341
52588
88987
78408
1047
42317
10946
1470
82067
11076
72775
63300
59033
57174
54373
7375
4368
32488
67341
29454
5805
47572
14732
89568
22345
41133
56710
85433
18760
65702
74789
36848
94571
47332
21071
90854
72994
86004
32898
40116
9182
35357
6222
96288
88813
8156
72927
61002
96590
72004
18437
21346
4791
3238
29821
85947
33461
38979
7291
6590
32277
904
77544
45482
97448
97859
2669
36979
5304
57036
85273
23557
93656
95314
63521
15305
65557
82483
75447
35918
45517
1806
63955
65841
29931
60052
72235
52830
91283
23725
1331
34083
37055
64012
18561
87091
17461
50004
95521
35004
5221
55921
36976
23360
33459
19348
57043
10087
40130
66989
95169
60397
97020
38487
63481
38770
39706
7686
46258
28219
54072
58779
73327
9676
66376
12653
64884
50757
21347
94519
40187
20495
42345
9029
31877
69280
99200
45069
714
2664
3885
63889
13375
65818
91048
78136
15925
31566
2097
51217
60881
69537
59815
5330
83384
71193
53623
98421
52499
98447
20448
89793
57016
41967
57917
92900
28669
14363
51797
89458
72417
96001
77693
2605
56469
21189
22577
45156
64726
66147
98559
14006
40912
64817
93757
32708
74725
96786
24025
25310
32796
34887
4601
84028
55705
7569
79008
44114
99889
96707
75021
32590
23581
97436
91596
86617
20188
86040
86210
95289
1189
43579
36068
75186
3551
48481
58498
66863
46441
6400
48428
14601
81903
5582
47622
31010
14481
74249
79279
37571
49801
45744
20874
28546
90449
9450
62078
42480
80246
50985
76456
88133
19260
15330
32729
89638
78285
93041
27374
47932
45183
26990
28061
50912
4120
22575
98055
47659
77833
56253
61234
68373
31562
19271
91400
23962
95972
30491
33163
30536
22913
90024
46509
87921
5018
97214
97992
99847
74917
38124
81468
3532
3342
30526
39471
3853
83813
23453
25300
84268
65085
8382
31037
58412
90072
65969
31510
95914
34923
12607
92369
41032
20796
82082
198
2478
97827
94395
34368
36541
9653
25682
84457
78841
32028
73383
12258
32825
8235
8882
90936
86996
71338
7865
4479
33689
22823
17404
49324
12356
31306
85423
6666
75818
12297
66590
86490
33251
47979
87886
58947
40057
22732
94782
84281
91289
60527
4883
87270
21748
624
53071
8651
39858
77826
25761
33755
19343
26630
83981
69039
52325
43995
66770
39794
2971
33576
60715
43720
90704
3095
2572
21616
88996
8347
21002
47148
25420
41985
69127
88745
12110
84350
51820
20680
49144
55278
50512
32918
65615
64691
10914
99180
25518
57603
46118
99423
84822
23749
20647
12629
93503
96091
97164
20670
11257
58342
18689
79221
59749
20614
85732
28214
22755
97732
7743
295
3741
55873
14381
36725
79332
40043
43660
95913
77388
51934
31286
45384
23762
7096
88994
66140
30953
30296
64994
52020
81755
30501
21130
13928
3103
72137
76837
39909
62256
18790
76436
14511
57593
43476
30069
47550
78543
40250
9642
78034
16212
82514
27272
82778
96647
32651
21403
35237
61657
34714
10253
74386
5697
71027
74937
71819
69216
56253
6467
52903
69695
64701
35709
80035
8811
3253
80937
51443
93289
91950
27635
17693
65607
94159
88235
79478
30206
58471
79615
26344
44868
43124
19954
68958
66044
2283
79759
99232
76981
24482
67213
15692
48184
39796
15199
23638
73633
93537
58084
3009
6020
13500
87299
21711
27185
62899
42216
57003
68703
64379
14297
4846
54413
91669
78035
71332
19894
39976
4639
84844
61189
44776
40260
43226
19220
38367
78744
66334
14897
17245
8546
30024
4197
97681
1942
46190
41997
28248
91632
23656
40519
10502
77219
19951
20332
33429
92460
60136
29933
44841
77268
76576
17799
77434
30030
67689
23407
5730
15082
41057
7300
62605
78136
5153
60044
69007
55711
70818
11463
72909
60870
92563
35242
82144
17129
33467
6829
78566
2066
11440
42849
18475
83245
52846
64792
74756
35094
24132
1527
76789
98060
38217
64394
72000
77376
20193
82038
42093
744
50416
27282
53299
57122
50913
32584
23357
78854
86489
67919
31369
62416
32587
7759
12513
18271
19902
93635
99329
71440
61211
11527
16094
45032
69576
76185
51596
97093
65943
17932
9160
87486
62646
73902
20729
12290
54286
86288
8748
46744
77215
25236
1171
98421
13603
25120
43433
46143
74035
21288
6530
93455
90208
26954
55491
48857
18733
63204
8526
89846
74601
94188
70298
4654
8529
88521
30092
94863
19965
53885
30468
54459
42621
28909
58688
38908
64363
59440
95332
64508
29861
39079
72905
42330
48012
54073
6455
89892
62897
16809
6491
895
61629
52883
37400
95373
44996
42715
33154
16743
53149
6698
32854
48007
30709
11220
14032
8999
52773
74901
32319
85072
84723
53252
65311
86436
11088
94261
61321
75865
48922
94602
29177
392
68673
80448
61274
76030
83782
19299
98340
36151
17385
97458
94033
94210
83429
51867
48171
57082
77437
45959
48829
89178
7025
92842
20278
2811
76331
56669
45529
59663
29445
76561
34784
8291
96590
16170
28532
97796
27891
51386
30007
14435
11871
99760
73581
40370
61515
47130
57730
43920
43457
19226
74452
98403
31572
76483
83283
33879
3738
44253
60399
73814
57969
79639
59604
44863
31863
2850
38361
88409
79793
76191
75279
48448
97394
84975
87780
50577
70916
79790
13802
67596
22683
14567
73132
87249
41422
57194
20070
92207
75941
42716
26814
90178
96146
25965
5598
53364
33563
59365
58030
30118
94526
22237
3955
44671
45323
82603
59447
37800
49470
50902
14040
62966
77032
40096
24294
37012
12366
82593
89690
15635
35919
319
82987
26966
65943
56575
11661
69422
61988
6680
15385
54394
47707
46460
16903
28958
2783
31374
72677
3787
72548
61080
55073
60542
36705
63633
37361
35989
87035
62073
11143
13164
43492
93716
61970
12160
35899
67088
79395
96426
12823
95386
68937
64951
47660
63076
58103
7084
2414
20251
33658
80903
27454
73579
19704
43080
90072
22464
71700
48260
967
63665
28997
20013
74358
42327
31331
13116
94176
41216
21188
26245
65314
18780
16313
93830
84105
52325
61725
57372
38524
81519
89906
45405
48825
24056
67188
76198
59358
80489
1190
45130
63384
39499
67154
87706
61606
98604
90143
3192
95887
73814
19158
50488
51893
70490
941
22262
57654
8406
32307
63812
8410
86960
8889
57204
11376
30405
15443
31350
17945
58989
55857
29969
99623
63478
58128
10602
81968
91833
42083
86853
62477
40331
80721
84123
35877
11762
83433
88260
41092
81372
49193
148
72657
67129
80901
94508
85616
8301
29412
13063
83959
20185
60134
43630
40492
17158
17400
8104
95827
80194
24917
9077
75737
56377
40063
90251
23521
2028
12501
15667
33
61187
15488
45749
76676
65444
12562
73689
99401
68270
65799
51478
86701
95822
16698
10223
13636
57852
49111
33099
74217
43374
23797
24700
62947
37083
23800
17720
24551
47872
50481
55173
51359
24247
39736
84988
40241
5234
68313
43025
5162
7405
8025
66744
28574
94260
6306
15101
80495
3755
82247
36786
64841
33024
33763
44644
38131
81844
73401
67641
65759
83111
3019
25736
71107
44038
23817
96382
12568
245
84470
26391
73851
27177
75434
46909
64986
865
66986
68772
56053
62478
2093
88120
63659
67742
51339
99588
38699
52442
98932
94849
28429
27293
28537
19951
59359
70075
12105
67884
98102
75569
62677
55578
90403
31558
23936
89711
24167
34582
57333
68164
25493
26834
72873
28060
43327
76138
75053
88028
19298
59254
6525
52151
85873
97381
72514
74916
68632
62674
18630
43481
38128
64940
86520
45282
18986
34147
95811
15018
95867
17002
54446
82934
50552
80419
55322
77485
25527
35679
53944
67647
57394
85775
81016
41319
18049
12018
55017
96977
39251
63195
11815
65230
7833
8921
87574
65350
74611
14254
97266
81346
43414
57400
51111
26394
51192
90222
21747
87019
58319
66618
20848
99563
31311
58657
70855
58988
21426
98779
30306
44897
49645
12866
11581
1641
13322
93562
623
91884
12735
27000
61913
94732
97521
76048
74676
64537
63428
21116
20475
93915
31402
21873
71993
95366
21404
12158
95949
73607
94939
5903
73765
57089
34586
14671
89888
69693
24496
22023
13970
87083
36549
85557
98969
36749
47032
76135
11474
99961
34030
63074
78038
15491
62016
1232
2294
54188
59149
53187
12780
7655
92611
43968
92656
5512
71552
30902
67753
50780
77925
50782
32039
11324
67096
43752
1949
19822
28483
2762
45033
83124
24758
75899
63437
90940
42791
39572
92251
62030
78516
75003
83451
99851
77273
83661
75291
41628
78280
16863
48937
95046
16295
69774
77353
86248
3918
20783
95851
49003
66333
79107
56456
14836
12279
6778
47632
26956
39754
92377
89254
94619
67505
58771
25755
17742
67799
50472
94055
33990
77421
56712
38719
83174
8015
22635
25027
6176
80277
92959
76739
92409
718
86924
1761
78677
2004
56101
48017
23034
27729
7792
84720
22995
63598
69788
26144
73871
50100
14898
21316
93522
15831
25621
54239
17239
69384
70610
42358
35083
78756
91318
41370
66674
58814
36511
18008
64552
65291
55758
46276
18623
78951
31923
45499
90747
4800
33822
89966
95080
73773
39586
25684
83635
18441
85013
26086
15491
85280
60805
51549
98049
34841
47960
55997
38324
47504
86089
9356
54050
89103
36258
38014
48290
46480
37869
22874
79639
85109
75389
6771
63192
76643
68225
20979
14239
45231
9593
9729
82138
22516
97568
56810
65810
91650
58960
655
54003
24037
15407
37020
71056
50585
57359
78284
20570
47010
60337
28485
42647
27340
83191
91871
75439
66552
1478
58389
44632
46098
96095
6832
42365
82154
69380
4780
14386
56836
92657
56132
69512
89873
72623
61025
79843
25229
32650
47529
65158
60007
60114
18058
2099
5851
35722
96467
66878
95734
55368
6134
6522
21802
48578
43900
31499
85353
92747
73905
52764
88440
8100
59817
15715
96657
15053
3891
95712
31853
42803
77144
69173
27576
33137
76735
44154
46556
12930
48477
95210
8964
27836
23909
33198
74329
8501
95395
20550
30416
6711
28809
55089
41104
74224
62318
73025
76985
77246
93067
73867
24482
64540
31386
47056
71732
3122
67862
21306
91053
86422
17843
25946
42390
8577
16256
16351
42916
35451
78787
92315
8767
75060
20752
35310
17869
5817
38322
8852
21547
59090
66013
33035
74381
28468
42743
63923
98811
88655
57340
62260
20493
93986
31137
63023
68636
19550
68368
53386
45302
1063
20702
33679
29478
83008
63847
34459
24444
74689
82574
12869
59248
31478
20174
59162
32634
48459
90928
69814
7193
82818
68145
96801
65216
91640
45237
2744
1548
16706
35500
22386
79398
79742
78028
23554
5251
94042
40233
40328
59431
65254
55030
11101
30699
88130
57643
61189
37031
34129
75067
16148
57465
23464
15408
59081
70155
7955
20044
29075
20842
87019
88100
39699
2297
94096
24791
52918
51305
49282
67351
93606
22414
49790
63952
19577
18824
46097
42551
96450
63172
31303
72449
90933
47275
88411
40672
23843
37780
29356
83279
88033
44486
18316
68330
29753
20885
38758
23127
70238
93155
19039
26471
95915
9701
37040
89136
40028
77121
94831
67752
61380
46722
24013
75606
34143
87467
10757
65809
98729
4601
26824
57362
39032
17775
20542
71027
8996
2767
41403
64603
46825
95474
43461
40773
93540
6640
46157
8112
68796
56218
72970
40136
73422
8335
23947
13919
15744
17120
27760
56180
6478
34033
81373
94514
28826
34235
72279
9458
67064
71578
54832
97592
6234
71976
13871
78508
15504
48701
60261
92900
33872
15995
96713
62563
24295
68753
12389
81826
28890
50945
59840
53026
10817
8909
36374
2913
33926
54896
35148
16534
65285
10692
2691
86063
87286
65702
32704
23041
8724
12350
56421
53168
8124
57963
50252
26373
73324
73178
66980
58406
30746
65073
53982
